0 1 1
0 84 1
1 0 1
1 7 3
1 92 1
1 94 1
2 3 1
2 59 1
2 100 1
2 101 1
2 186 1
3 2 1
3 86 1
3 102 2
4 5 1
4 22 1
4 97 1
5 4 1
5 13 1
5 94 1
5 98 1
6 8 1
6 10 1
6 84 1
6 85 1
6 97 1
6 186 1
7 1 3
7 11 1
7 13 1
7 17 1
7 23 1
7 83 1
7 94 2
7 98 1
8 6 1
8 9 1
8 95 1
8 126 1
9 8 1
9 11 1
9 13 1
9 96 1
9 127 1
9 130 1
10 6 1
10 14 4
10 15 1
10 16 1
10 17 2
11 7 1
11 9 1
11 15 1
11 102 1
12 14 2
12 16 1
12 20 1
12 88 1
12 97 1
12 103 2
12 147 1
12 162 1
13 5 1
13 7 1
13 9 1
13 15 2
13 87 1
13 94 3
13 104 1
13 188 1
13 192 1
14 10 4
14 12 2
14 15 1
14 88 4
14 91 1
14 128 1
14 151 1
15 10 1
15 11 1
15 13 2
15 14 1
15 17 1
15 21 2
15 89 1
15 129 1
15 177 1
16 10 1
16 12 1
16 95 1
17 7 1
17 10 2
17 15 1
17 94 1
18 19 2
18 20 7
18 101 4
18 112 2
18 128 1
19 18 2
19 19 1
19 21 1
19 23 1
19 94 1
19 100 1
19 102 5
19 113 2
19 127 1
19 129 2
20 12 1
20 18 7
20 21 2
20 97 1
20 103 1
20 126 1
20 130 2
21 15 2
21 19 1
21 20 2
21 94 1
21 98 2
21 104 1
21 112 1
21 127 2
21 131 2
21 152 1
21 159 2
22 4 1
22 23 1
22 126 1
22 143 1
23 7 1
23 19 1
23 22 1
24 25 1
24 84 1
24 90 1
24 124 1
24 125 1
25 24 1
25 90 2
25 151 1
26 59 1
26 126 2
27 60 2
27 96 1
27 127 4
27 131 1
28 186 1
28 187 1
28 190 2
29 48 1
29 127 1
29 185 1
30 51 1
30 53 1
30 55 2
31 41 1
31 52 2
31 237 2
32 33 1
32 42 1
32 44 1
32 198 1
33 32 1
33 37 1
33 44 1
33 128 1
33 132 1
33 156 1
33 178 3
33 179 3
33 195 1
33 200 1
34 114 12
34 115 20
34 125 1
34 136 2
34 137 1
34 156 1
35 114 5
35 115 8
35 118 2
35 119 2
35 139 2
35 140 1
35 143 1
35 160 1
36 38 2
36 107 1
36 126 1
36 173 1
36 190 1
37 33 1
37 38 1
37 108 1
37 143 2
38 36 2
38 37 1
38 142 2
39 48 1
40 116 2
40 160 2
41 31 1
41 117 1
41 161 2
42 32 1
42 43 3
42 87 1
42 128 1
42 142 2
42 198 1
42 230 1
43 42 3
43 48 1
43 142 2
43 143 1
43 201 1
43 202 1
43 203 2
43 218 1
44 32 1
44 33 1
44 49 1
44 50 2
44 114 1
44 135 1
44 136 7
44 138 1
44 141 4
44 156 1
44 157 1
44 160 1
44 161 1
44 198 1
44 200 1
44 209 3
44 210 1
44 211 1
44 217 1
44 228 1
45 203 1
45 205 1
45 211 1
46 220 1
47 59 2
47 83 1
47 125 1
47 169 1
47 173 1
47 193 1
47 195 1
48 29 1
48 39 1
48 43 1
48 84 1
48 102 1
48 136 1
48 140 1
49 44 1
49 160 2
49 264 1
50 44 2
50 161 2
51 30 1
51 52 4
51 55 1
51 112 1
51 115 4
51 120 1
52 31 2
52 51 4
52 56 1
52 113 2
52 114 7
52 120 2
52 210 1
53 30 1
53 54 5
53 101 2
53 112 1
53 113 2
53 140 1
53 159 1
53 160 2
54 53 5
54 56 1
54 112 1
54 113 2
54 114 1
54 141 1
55 30 2
55 51 1
55 56 1
55 158 1
55 247 1
56 52 1
56 54 1
56 55 1
56 120 1
56 140 1
56 158 3
56 159 1
56 161 2
56 209 2
58 165 1
58 170 1
59 2 1
59 26 1
59 47 2
59 71 1
59 88 2
59 126 1
59 166 1
59 169 2
60 27 2
60 89 1
60 127 1
61 166 2
62 66 1
62 82 1
63 73 1
64 74 2
65 75 2
65 87 1
65 166 2
66 62 1
66 76 1
66 86 1
67 124 2
67 158 1
68 125 2
68 159 2
68 165 1
69 124 1
69 159 1
70 158 1
71 59 1
71 72 5
71 124 2
72 71 5
72 125 2
73 63 1
73 88 1
73 122 2
73 124 1
73 176 1
74 64 2
74 87 1
74 89 4
74 123 2
74 125 1
74 177 1
75 65 2
75 103 1
75 122 1
75 124 1
75 172 2
76 66 1
76 89 1
76 123 2
76 125 1
76 173 1
76 176 1
76 181 1
77 78 2
77 79 1
77 171 1
78 77 2
78 80 2
78 171 2
78 177 1
79 77 1
79 81 3
79 88 1
79 162 1
79 169 1
80 78 2
80 82 4
81 79 3
81 82 1
81 170 2
81 172 1
82 62 1
82 80 4
82 81 1
82 167 3
83 7 1
83 47 1
83 84 1
83 96 1
84 0 1
84 6 1
84 24 1
84 48 1
84 83 1
84 95 1
84 147 1
85 6 1
86 3 1
86 66 1
86 137 1
86 192 1
87 13 1
87 42 1
87 65 1
87 74 1
87 97 1
88 12 1
88 14 4
88 59 2
88 73 1
88 79 1
89 15 1
89 60 1
89 74 4
89 76 1
89 192 1
90 24 1
90 25 2
91 14 1
91 92 1
91 136 1
91 149 1
92 1 1
92 91 1
92 96 1
92 150 2
94 1 1
94 5 1
94 7 2
94 13 3
94 17 1
94 19 1
94 21 1
94 94 1
95 8 1
95 16 1
95 84 1
95 96 1
95 176 2
96 9 1
96 27 1
96 83 1
96 92 1
96 95 1
97 4 1
97 6 1
97 12 1
97 20 1
97 87 1
97 98 2
97 124 1
97 129 2
98 5 1
98 7 1
98 21 2
98 97 2
98 128 2
99 128 1
99 129 1
99 139 5
99 149 1
99 150 1
99 151 3
99 171 1
99 175 1
99 185 1
99 186 2
99 187 1
100 2 1
100 19 1
100 152 1
100 155 4
101 2 1
101 18 4
101 53 2
101 102 16
101 103 2
101 111 1
101 113 2
101 114 6
101 137 1
101 208 1
102 3 2
102 11 1
102 19 5
102 48 1
102 101 16
102 104 1
102 110 2
102 113 2
102 121 1
102 138 2
102 141 1
102 146 1
102 210 1
103 12 2
103 20 1
103 75 1
103 101 2
103 104 1
103 143 2
104 13 1
104 21 1
104 102 1
104 103 1
104 142 2
105 142 1
105 152 1
105 259 1
106 120 2
106 127 1
106 139 1
106 230 1
107 36 1
107 118 1
108 37 1
110 102 2
110 111 17
110 112 3
110 113 4
110 114 2
110 119 1
110 120 1
110 160 1
110 228 2
110 270 1
111 101 1
111 110 17
111 112 7
111 113 6
111 114 1
111 126 1
111 248 1
112 18 2
112 21 1
112 51 1
112 53 1
112 54 1
112 110 3
112 111 7
112 113 9
112 115 2
112 116 1
112 118 1
112 140 4
112 142 2
112 217 3
112 227 1
112 228 2
112 270 4
113 19 2
113 52 2
113 53 2
113 54 2
113 101 2
113 102 2
113 110 4
113 111 6
113 112 9
113 114 1
113 115 1
113 120 1
113 138 2
113 139 1
113 140 2
113 199 1
113 208 3
113 228 8
113 235 1
113 270 5
114 34 12
114 35 5
114 44 1
114 52 7
114 54 1
114 101 6
114 110 2
114 111 1
114 113 1
114 114 2
114 115 2
114 118 1
114 120 2
114 121 3
114 124 1
114 129 1
114 136 2
114 137 16
114 138 13
114 141 9
114 158 1
114 228 3
114 229 1
114 235 1
114 247 1
114 271 5
115 34 20
115 35 8
115 51 4
115 112 2
115 113 1
115 114 2
115 119 2
115 121 4
115 127 2
115 136 2
115 138 20
115 139 1
115 141 3
115 145 1
115 151 1
115 158 1
115 235 6
115 270 18
116 40 2
116 112 1
116 118 4
116 139 2
116 158 2
116 160 1
117 41 1
117 119 1
117 139 1
117 140 1
117 141 2
117 145 2
117 146 2
117 158 2
117 159 3
118 35 2
118 107 1
118 112 1
118 114 1
118 116 4
118 119 4
118 139 2
118 140 1
118 141 2
118 143 1
118 157 3
118 158 1
118 160 1
119 35 2
119 110 1
119 115 2
119 117 1
119 118 4
119 138 1
119 140 1
119 141 3
119 142 1
119 143 1
119 146 1
119 156 1
119 157 2
119 271 1
120 51 1
120 52 2
120 56 1
120 106 2
120 110 1
120 113 1
120 114 2
120 138 9
120 140 1
120 141 2
120 228 1
120 235 1
121 102 1
121 114 3
121 115 4
121 121 1
121 138 7
121 141 1
121 208 3
121 228 1
121 235 2
121 271 4
122 73 2
122 75 1
122 122 1
122 123 3
122 124 1
122 147 1
122 156 1
122 157 1
122 171 1
122 185 1
122 193 1
122 197 2
122 199 1
123 74 2
123 76 2
123 122 3
123 123 1
123 125 2
123 156 1
123 157 1
123 185 1
123 186 1
123 190 2
123 198 1
123 200 1
124 24 1
124 67 2
124 69 1
124 71 2
124 73 1
124 75 1
124 97 1
124 114 1
124 122 1
124 125 9
124 129 2
124 136 1
124 153 1
124 168 2
124 259 1
125 24 1
125 34 1
125 47 1
125 68 2
125 72 2
125 74 1
125 76 1
125 123 2
125 124 9
125 128 2
125 136 1
125 137 1
125 153 1
125 259 1
126 8 1
126 20 1
126 22 1
126 26 2
126 36 1
126 59 1
126 111 1
126 151 1
126 173 1
126 180 3
127 9 1
127 19 1
127 21 2
127 27 4
127 29 1
127 60 1
127 106 1
127 115 2
127 180 1
127 181 1
127 192 2
128 14 1
128 18 1
128 33 1
128 42 1
128 98 2
128 99 1
128 125 2
128 138 1
128 150 1
128 170 1
128 178 1
128 186 1
128 198 1
129 15 1
129 19 2
129 97 2
129 99 1
129 114 1
129 124 2
129 131 1
129 138 3
129 141 1
129 149 1
129 179 1
129 185 2
129 199 1
130 9 1
130 20 2
130 137 1
131 21 2
131 27 1
131 129 1
131 136 1
131 181 1
132 33 1
132 177 1
132 179 1
132 189 2
133 153 1
133 173 1
133 178 1
134 135 1
134 176 1
134 187 1
134 190 3
134 192 1
135 44 1
135 134 1
135 148 1
135 153 1
135 159 1
135 177 1
135 185 4
135 189 1
135 191 3
135 248 1
136 34 2
136 44 7
136 48 1
136 91 1
136 114 2
136 115 2
136 124 1
136 125 1
136 131 1
136 137 3
136 141 2
136 189 1
136 190 1
136 191 2
136 192 1
136 227 1
136 228 1
136 257 1
136 258 1
137 34 1
137 86 1
137 101 1
137 114 16
137 125 1
137 130 1
137 136 3
137 141 1
137 150 1
137 152 1
137 189 1
137 190 2
137 192 2
138 44 1
138 102 2
138 113 2
138 114 13
138 115 20
138 119 1
138 120 9
138 121 7
138 128 1
138 129 3
138 141 6
138 235 1
138 259 4
138 269 1
138 271 1
139 35 2
139 99 5
139 106 1
139 113 1
139 115 1
139 116 2
139 117 1
139 118 2
139 140 7
139 141 1
139 143 4
139 145 2
139 146 2
139 158 3
139 160 1
139 161 9
139 229 2
140 35 1
140 48 1
140 53 1
140 56 1
140 112 4
140 113 2
140 117 1
140 118 1
140 119 1
140 120 1
140 139 7
140 142 1
140 158 1
140 159 2
140 160 2
140 161 1
141 44 4
141 54 1
141 102 1
141 114 9
141 115 3
141 117 2
141 118 2
141 119 3
141 120 2
141 121 1
141 129 1
141 136 2
141 137 1
141 138 6
141 139 1
141 142 1
141 146 2
141 159 2
141 161 3
141 166 1
141 171 1
141 235 1
141 269 2
141 270 2
141 271 12
142 38 2
142 42 2
142 43 2
142 104 2
142 105 1
142 112 2
142 119 1
142 140 1
142 141 1
142 143 4
142 158 3
142 159 1
142 245 1
143 22 1
143 35 1
143 37 2
143 43 1
143 103 2
143 118 1
143 119 1
143 139 4
143 142 4
143 146 1
143 158 5
143 159 8
143 161 1
143 193 1
143 197 1
145 115 1
145 117 2
145 139 2
145 146 2
145 160 1
145 161 6
145 271 1
146 102 1
146 117 2
146 119 1
146 139 2
146 141 2
146 143 1
146 145 2
146 159 1
146 161 6
146 271 2
147 12 1
147 84 1
147 122 1
147 187 3
148 135 1
148 172 1
148 173 1
148 185 1
148 188 1
148 199 1
148 200 1
149 91 1
149 99 1
149 129 1
149 151 3
149 152 4
149 153 2
149 159 4
149 174 1
149 197 1
150 92 2
150 99 1
150 128 1
150 137 1
150 151 2
150 152 4
150 158 3
150 159 2
150 198 1
151 14 1
151 25 1
151 99 3
151 115 1
151 126 1
151 149 3
151 150 2
151 152 1
151 158 2
151 171 1
151 177 2
151 188 1
151 218 1
152 21 1
152 100 1
152 105 1
152 137 1
152 149 4
152 150 4
152 151 1
152 159 1
152 171 1
152 172 1
152 175 2
152 176 1
152 177 1
152 186 1
152 201 1
152 218 1
153 124 1
153 125 1
153 133 1
153 135 1
153 149 2
155 100 4
155 155 1
155 156 1
155 157 3
155 209 1
155 211 1
155 213 1
155 228 1
155 229 1
156 33 1
156 34 1
156 44 1
156 119 1
156 122 1
156 123 1
156 155 1
156 157 8
156 159 1
156 195 2
156 213 1
156 214 1
156 217 4
156 223 1
156 248 1
156 249 3
156 251 1
156 252 1
156 253 2
156 258 3
157 44 1
157 118 3
157 119 2
157 122 1
157 123 1
157 155 3
157 156 8
157 195 1
157 211 3
157 212 1
157 213 1
157 214 2
157 217 2
157 222 1
157 223 1
157 249 1
157 250 1
157 251 1
157 252 1
157 253 1
157 254 1
157 258 1
158 55 1
158 56 3
158 67 1
158 70 1
158 114 1
158 115 1
158 116 2
158 117 2
158 118 1
158 139 3
158 140 1
158 142 3
158 143 5
158 150 3
158 151 2
158 159 8
158 160 3
158 161 4
158 182 6
158 184 1
158 201 1
158 202 5
158 203 3
158 204 2
158 205 1
158 206 1
158 207 2
158 208 3
158 227 1
158 236 2
158 237 5
158 238 1
158 239 2
158 241 6
158 242 1
158 243 2
158 245 2
158 246 2
158 258 2
159 21 2
159 53 1
159 56 1
159 68 2
159 69 1
159 117 3
159 135 1
159 140 2
159 141 2
159 142 1
159 143 8
159 146 1
159 149 4
159 150 2
159 152 1
159 156 1
159 158 8
159 160 7
159 161 11
159 175 2
159 177 1
159 183 2
159 184 2
159 193 1
159 201 3
159 202 1
159 203 4
159 204 2
159 205 2
159 208 2
159 209 1
159 220 1
159 222 1
159 223 2
159 227 1
159 236 1
159 238 2
159 239 1
159 242 4
159 243 2
159 246 10
159 247 2
159 269 1
160 35 1
160 40 2
160 44 1
160 49 2
160 53 2
160 110 1
160 116 1
160 118 1
160 139 1
160 140 2
160 145 1
160 158 3
160 159 7
160 161 27
160 204 1
160 207 1
160 208 11
160 217 5
160 235 1
160 247 12
160 257 1
160 258 1
160 271 1
161 41 2
161 44 1
161 50 2
161 56 2
161 139 9
161 140 1
161 141 3
161 143 1
161 145 6
161 146 6
161 158 4
161 159 11
161 160 27
161 195 1
161 207 3
161 209 4
161 217 1
161 246 3
161 247 5
161 257 1
161 258 3
162 12 1
162 79 1
162 162 1
162 163 1
162 166 1
162 170 1
163 162 1
163 170 2
165 58 1
165 68 1
166 59 1
166 61 2
166 65 2
166 141 1
166 162 1
167 82 3
168 124 2
168 171 3
169 47 1
169 59 2
169 79 1
169 171 1
170 58 1
170 81 2
170 128 1
170 162 1
170 163 2
170 171 5
171 77 1
171 78 2
171 99 1
171 122 1
171 141 1
171 151 1
171 152 1
171 168 3
171 169 1
171 170 5
171 187 1
172 75 2
172 81 1
172 148 1
172 152 1
172 174 1
172 176 1
172 185 2
173 36 1
173 47 1
173 76 1
173 126 1
173 133 1
173 148 1
173 177 2
173 186 1
173 197 1
174 149 1
174 172 1
174 176 1
174 185 2
174 200 1
175 99 1
175 152 2
175 159 2
175 177 1
176 73 1
176 76 1
176 95 2
176 134 1
176 152 1
176 172 1
176 174 1
176 187 3
176 200 1
177 15 1
177 74 1
177 78 1
177 132 1
177 135 1
177 151 2
177 152 1
177 159 1
177 173 2
177 175 1
177 188 2
177 199 1
178 33 3
178 128 1
178 133 1
178 179 8
178 187 1
179 33 3
179 129 1
179 132 1
179 178 8
179 188 5
180 126 3
180 127 1
180 185 1
181 76 1
181 127 1
181 131 1
182 158 6
182 237 4
182 238 2
182 248 2
183 159 2
184 158 1
184 159 2
184 201 1
184 230 1
185 29 1
185 99 1
185 122 1
185 123 1
185 129 2
185 135 4
185 148 1
185 172 2
185 174 2
185 180 1
185 193 3
186 2 1
186 6 1
186 28 1
186 99 2
186 123 1
186 128 1
186 152 1
186 173 1
186 187 1
186 190 1
186 198 1
186 259 1
187 28 1
187 99 1
187 134 1
187 147 3
187 171 1
187 176 3
187 178 1
187 186 1
187 248 1
188 13 1
188 148 1
188 151 1
188 177 2
188 179 5
189 132 2
189 135 1
189 136 1
189 137 1
189 193 1
189 197 2
190 28 2
190 36 1
190 123 2
190 134 3
190 136 1
190 137 2
190 186 1
190 192 2
190 198 3
191 135 3
191 136 2
191 193 1
191 195 1
192 13 1
192 86 1
192 89 1
192 127 2
192 134 1
192 136 1
192 137 2
192 190 2
193 47 1
193 122 1
193 143 1
193 159 1
193 185 3
193 189 1
193 191 1
193 195 1
193 199 1
195 33 1
195 47 1
195 156 2
195 157 1
195 161 1
195 191 1
195 193 1
195 199 1
197 122 2
197 143 1
197 149 1
197 173 1
197 189 2
198 32 1
198 42 1
198 44 1
198 123 1
198 128 1
198 150 1
198 186 1
198 190 3
199 113 1
199 122 1
199 129 1
199 148 1
199 177 1
199 193 1
199 195 1
200 33 1
200 44 1
200 123 1
200 148 1
200 174 1
200 176 1
201 43 1
201 152 1
201 158 1
201 159 3
201 184 1
201 202 1
202 43 1
202 158 5
202 159 1
202 201 1
202 205 1
202 219 1
202 220 1
202 236 3
203 43 2
203 45 1
203 158 3
203 159 4
203 204 1
203 205 1
203 221 3
203 237 1
203 241 1
204 158 2
204 159 2
204 160 1
204 203 1
204 238 1
205 45 1
205 158 1
205 159 2
205 202 1
205 203 1
205 223 4
206 158 1
206 211 1
207 158 2
207 160 1
207 161 3
208 101 1
208 113 3
208 121 3
208 158 3
208 159 2
208 160 11
208 209 6
208 210 1
208 228 1
208 235 2
208 245 2
208 247 4
209 44 3
209 56 2
209 155 1
209 159 1
209 161 4
209 208 6
209 210 4
209 246 1
209 247 1
209 258 1
209 271 2
210 44 1
210 52 1
210 102 1
210 208 1
210 209 4
210 229 4
210 235 1
211 44 1
211 45 1
211 155 1
211 157 3
211 206 1
211 212 4
211 250 3
212 157 1
212 211 4
212 213 8
212 248 1
212 251 1
213 155 1
213 156 1
213 157 1
213 212 8
213 214 1
213 232 1
213 253 1
214 156 1
214 157 2
214 213 1
214 232 1
214 254 1
217 44 1
217 112 3
217 156 4
217 157 2
217 160 5
217 161 1
217 227 1
217 229 1
217 245 1
218 43 1
218 151 1
218 152 1
218 238 3
219 202 1
219 238 1
219 239 2
220 46 1
220 159 1
220 202 1
221 203 3
222 157 1
222 159 1
223 156 1
223 157 1
223 159 2
223 205 4
227 112 1
227 136 1
227 158 1
227 159 1
227 217 1
227 247 1
228 44 1
228 110 2
228 112 2
228 113 8
228 114 3
228 120 1
228 121 1
228 136 1
228 155 1
228 208 1
228 229 2
228 258 1
229 114 1
229 139 2
229 155 1
229 210 4
229 217 1
229 228 2
229 271 2
230 42 1
230 106 1
230 184 1
230 231 1
230 259 1
230 260 3
230 261 5
231 230 1
231 232 2
231 261 1
231 262 2
231 263 1
232 213 1
232 214 1
232 231 2
235 113 1
235 114 1
235 115 6
235 120 1
235 121 2
235 138 1
235 141 1
235 160 1
235 208 2
235 210 1
235 247 4
235 269 3
235 270 4
235 271 2
236 158 2
236 159 1
236 202 3
237 31 2
237 158 5
237 182 4
237 203 1
237 241 1
237 260 1
238 158 1
238 159 2
238 182 2
238 204 1
238 218 3
238 219 1
238 261 1
239 158 2
239 159 1
239 219 2
239 242 1
239 250 1
241 158 6
241 203 1
241 237 1
242 158 1
242 159 4
242 239 1
243 158 2
243 159 2
245 142 1
245 158 2
245 208 2
245 217 1
246 158 2
246 159 10
246 161 3
246 209 1
246 257 3
247 55 1
247 114 1
247 159 2
247 160 12
247 161 5
247 208 4
247 209 1
247 227 1
247 235 4
247 258 5
247 270 3
247 271 5
248 111 1
248 135 1
248 156 1
248 182 2
248 187 1
248 212 1
248 249 2
249 156 3
249 157 1
249 248 2
249 250 4
249 251 1
249 254 1
250 157 1
250 211 3
250 239 1
250 249 4
250 251 1
251 156 1
251 157 1
251 212 1
251 249 1
251 250 1
251 252 1
252 156 1
252 157 1
252 251 1
253 156 2
253 157 1
253 213 1
254 157 1
254 214 1
254 249 1
257 136 1
257 160 1
257 161 1
257 246 3
257 269 1
257 270 2
258 136 1
258 156 3
258 157 1
258 158 2
258 160 1
258 161 3
258 209 1
258 228 1
258 247 5
258 270 1
259 105 1
259 124 1
259 125 1
259 138 4
259 186 1
259 230 1
259 260 9
260 230 3
260 237 1
260 259 9
260 260 1
260 261 6
261 230 5
261 231 1
261 238 1
261 260 6
261 262 2
262 231 2
262 261 2
262 263 1
263 231 1
263 262 1
263 264 4
264 49 1
264 263 4
264 265 1
265 264 1
269 138 1
269 141 2
269 159 1
269 235 3
269 257 1
270 110 1
270 112 4
270 113 5
270 115 18
270 141 2
270 235 4
270 247 3
270 257 2
270 258 1
270 271 1
271 114 5
271 119 1
271 121 4
271 138 1
271 141 12
271 145 1
271 146 2
271 160 1
271 209 2
271 229 2
271 235 2
271 247 5
271 270 1
