0 1 1
0 4 1
0 12 1
0 13 1
0 43 1
0 54 1
0 55 1
0 56 1
0 57 1
0 58 1
0 59 1
0 67 1
0 112 1
0 160 1
0 170 1
0 171 1
0 178 1
0 180 1
0 226 1
1 0 1
1 5 1
1 12 1
1 13 1
1 44 1
1 53 1
1 55 1
1 56 1
1 57 1
1 59 1
1 66 1
1 161 1
1 170 1
1 179 1
1 181 1
1 185 1
1 225 1
2 0 1
2 3 1
2 16 1
2 53 1
2 54 1
2 59 1
2 69 1
2 70 1
2 80 1
2 82 1
2 111 1
2 117 1
2 123 1
2 130 1
2 166 1
2 173 1
2 175 1
2 176 1
2 177 1
2 184 1
2 185 1
2 188 1
2 198 1
2 200 1
2 212 1
2 216 1
2 220 1
2 231 1
3 1 1
3 2 1
3 22 1
3 53 1
3 54 1
3 58 1
3 60 1
3 67 1
3 68 1
3 69 1
3 83 1
3 111 1
3 112 1
3 131 1
3 162 1
3 175 1
3 176 1
3 177 1
3 189 1
3 205 1
4 0 1
4 20 1
4 51 1
4 134 1
4 166 1
4 175 1
4 182 1
4 221 1
5 1 1
5 11 1
5 19 1
5 21 1
5 44 1
5 52 1
5 75 1
5 159 1
5 167 1
5 176 1
5 182 1
5 220 1
5 222 1
5 234 1
6 7 1
6 10 1
6 12 1
6 13 1
6 22 1
6 40 1
6 43 1
6 53 1
6 54 1
6 55 1
6 57 1
6 58 1
6 66 1
6 67 1
6 74 1
6 134 1
6 180 1
6 198 1
7 6 1
7 11 1
7 13 1
7 40 1
7 44 1
7 54 1
7 55 1
7 56 1
7 57 1
7 58 1
7 67 1
7 77 1
7 131 1
7 151 1
7 170 1
7 171 1
8 9 1
8 12 1
8 17 1
8 18 1
9 8 1
9 13 1
9 19 1
9 40 1
10 0 1
10 11 1
10 12 1
10 14 1
10 20 1
10 40 1
10 41 1
10 43 1
10 45 1
10 49 1
10 72 1
10 77 1
10 113 1
10 173 1
10 198 1
11 1 1
11 5 1
11 7 1
11 10 1
11 13 1
11 21 1
11 40 1
11 42 1
11 46 1
11 73 1
11 76 1
11 77 1
11 174 1
12 8 1
12 18 1
12 40 1
12 53 1
12 55 1
12 110 1
12 111 1
12 163 1
12 169 1
12 173 1
12 176 1
12 178 1
12 179 1
12 184 1
12 202 1
12 203 1
12 224 1
13 9 1
13 54 1
13 56 1
13 59 1
13 95 1
13 110 1
13 163 1
13 166 1
13 168 1
13 175 1
13 178 1
13 179 1
13 183 1
13 185 1
13 202 1
13 223 1
13 225 1
13 251 1
14 10 1
14 23 1
14 41 1
14 49 1
14 56 1
14 57 1
14 58 1
14 60 1
14 61 1
14 62 1
14 64 1
14 65 1
14 66 1
14 160 1
14 173 1
14 216 1
14 221 1
15 11 1
15 42 1
15 48 1
15 50 1
15 58 1
15 61 1
15 62 1
15 113 1
15 114 1
15 133 1
15 157 1
15 174 1
15 199 1
16 2 1
16 9 1
16 17 1
16 39 1
16 42 1
16 52 1
16 78 1
16 168 1
16 169 1
17 8 1
17 9 1
17 10 1
17 12 1
17 16 1
17 39 1
17 40 1
17 41 1
17 51 1
17 52 1
17 79 1
17 168 1
17 172 1
18 19 1
18 20 1
18 72 1
18 76 1
18 77 1
18 114 1
18 166 1
18 168 1
18 178 1
19 5 1
19 18 1
19 21 1
19 73 1
19 113 1
19 167 1
19 169 1
19 179 1
20 10 1
20 12 1
20 13 1
20 21 1
20 39 1
20 41 1
20 43 1
20 60 1
20 108 1
20 166 1
20 175 1
20 178 1
20 219 1
20 221 1
20 252 1
21 11 1
21 12 1
21 13 1
21 20 1
21 42 1
21 44 1
21 59 1
21 60 1
21 73 1
21 108 1
21 167 1
21 179 1
21 220 1
21 222 1
21 224 1
22 2 1
22 53 1
22 59 1
22 60 1
22 172 1
22 189 1
23 58 1
23 59 1
23 71 1
23 80 1
23 82 1
23 84 1
23 151 1
23 152 1
23 162 1
23 187 1
23 198 1
23 209 1
24 71 1
24 81 1
24 83 1
24 85 1
24 152 1
24 186 1
24 211 1
25 204 1
25 220 1
25 225 1
26 3 1
26 201 1
26 205 1
26 219 1
26 224 1
26 225 1
27 53 1
27 54 1
27 55 1
27 56 1
27 57 1
27 58 1
27 66 1
27 68 1
27 69 1
27 78 1
27 79 1
27 152 1
27 158 1
27 159 1
27 166 1
27 167 1
27 175 1
27 176 1
27 233 1
28 53 1
28 54 1
28 86 1
28 241 1
28 267 1
28 268 1
29 87 1
29 95 1
29 102 1
29 242 1
29 268 1
30 53 1
30 54 1
30 87 1
30 88 1
30 102 1
30 243 1
30 268 1
30 269 1
31 32 1
31 88 1
31 270 1
32 53 1
32 54 1
32 103 1
32 245 1
32 271 1
33 53 1
33 54 1
33 56 1
33 90 1
33 246 1
33 272 1
34 53 1
34 54 1
34 55 1
34 56 1
35 53 1
35 54 1
36 53 1
36 54 1
36 109 1
37 53 1
37 54 1
38 136 1
38 137 1
38 279 1
39 5 1
39 10 1
39 12 1
39 13 1
39 18 1
39 19 1
39 76 1
39 77 1
39 167 1
40 8 1
40 9 1
40 10 1
40 11 1
40 12 1
40 13 1
40 18 1
40 19 1
40 73 1
40 76 1
40 77 1
41 10 1
41 12 1
41 17 1
41 20 1
41 49 1
42 11 1
42 13 1
42 16 1
42 19 1
42 21 1
43 0 1
43 4 1
43 10 1
43 12 1
43 20 1
43 44 1
43 49 1
43 53 1
43 55 1
43 57 1
43 58 1
43 166 1
43 170 1
43 178 1
43 180 1
43 198 1
44 1 1
44 5 1
44 11 1
44 13 1
44 21 1
44 43 1
44 50 1
44 54 1
44 56 1
44 57 1
44 58 1
44 60 1
44 114 1
44 159 1
44 167 1
44 171 1
44 199 1
45 10 1
45 12 1
45 18 1
45 20 1
45 40 1
45 46 1
45 49 1
45 76 1
45 77 1
45 168 1
46 10 1
46 11 1
46 13 1
46 39 1
46 44 1
46 45 1
46 76 1
46 77 1
47 48 1
47 49 1
47 113 1
47 114 1
47 160 1
48 47 1
48 50 1
48 114 1
48 161 1
49 10 1
49 12 1
49 14 1
49 50 1
49 160 1
49 198 1
50 11 1
50 15 1
50 44 1
50 49 1
50 73 1
50 85 1
50 161 1
50 174 1
50 199 1
51 17 1
51 52 1
51 53 1
51 58 1
51 59 1
51 74 1
51 166 1
51 168 1
52 16 1
52 19 1
52 51 1
52 54 1
52 60 1
52 75 1
52 167 1
52 169 1
52 234 1
53 28 1
53 29 1
53 30 1
53 31 1
53 32 1
53 33 1
53 34 1
53 35 1
53 36 1
53 37 1
53 38 1
53 54 1
53 56 1
53 57 1
53 64 1
53 66 1
53 86 1
53 87 1
53 88 1
53 89 1
53 90 1
53 91 1
53 92 1
53 93 1
53 94 1
53 99 1
53 100 1
53 111 1
53 127 1
53 151 1
53 152 1
53 158 1
53 179 1
53 206 1
53 208 1
53 210 1
53 235 1
53 238 1
53 239 1
53 240 1
53 241 1
53 242 1
53 243 1
53 244 1
53 245 1
53 246 1
53 247 1
53 248 1
53 249 1
53 250 1
53 259 1
54 3 1
54 28 1
54 29 1
54 30 1
54 31 1
54 32 1
54 33 1
54 34 1
54 35 1
54 36 1
54 37 1
54 38 1
54 53 1
54 55 1
54 57 1
54 58 1
54 59 1
54 60 1
54 86 1
54 87 1
54 88 1
54 89 1
54 90 1
54 91 1
54 92 1
54 93 1
54 94 1
54 97 1
54 99 1
54 100 1
54 127 1
54 128 1
54 138 1
54 139 1
54 151 1
54 152 1
54 175 1
54 178 1
54 179 1
54 206 1
54 207 1
54 208 1
54 236 1
54 237 1
54 240 1
54 241 1
54 242 1
54 243 1
54 244 1
54 245 1
54 246 1
54 247 1
54 248 1
54 249 1
54 250 1
54 259 1
54 279 1
55 27 1
55 30 1
55 31 1
55 32 1
55 33 1
55 34 1
55 36 1
55 37 1
55 53 1
55 54 1
55 56 1
55 57 1
55 58 1
55 59 1
55 60 1
55 70 1
55 97 1
55 98 1
55 99 1
55 100 1
55 101 1
55 108 1
55 157 1
55 168 1
55 169 1
55 172 1
55 210 1
55 217 1
55 240 1
55 245 1
55 248 1
55 251 1
55 252 1
55 254 1
55 255 1
55 256 1
55 257 1
55 258 1
55 259 1
55 260 1
55 261 1
55 264 1
56 28 1
56 30 1
56 31 1
56 32 1
56 33 1
56 34 1
56 37 1
56 53 1
56 54 1
56 55 1
56 90 1
56 95 1
56 96 1
56 97 1
56 98 1
56 99 1
56 100 1
56 101 1
56 102 1
56 108 1
56 114 1
56 156 1
56 168 1
56 169 1
56 172 1
56 217 1
56 242 1
56 246 1
56 247 1
56 252 1
56 253 1
56 254 1
56 256 1
56 257 1
56 258 1
56 259 1
56 260 1
56 261 1
56 269 1
56 276 1
57 1 1
57 28 1
57 31 1
57 32 1
57 37 1
57 38 1
57 53 1
57 54 1
57 71 1
57 86 1
57 87 1
57 88 1
57 89 1
57 90 1
57 93 1
57 111 1
57 112 1
57 127 1
57 151 1
57 206 1
57 207 1
57 208 1
57 243 1
58 0 1
58 6 1
58 32 1
58 37 1
58 53 1
58 54 1
58 55 1
58 57 1
58 66 1
58 86 1
58 87 1
58 88 1
58 89 1
58 90 1
58 93 1
58 94 1
58 98 1
58 110 1
58 112 1
58 127 1
58 150 1
58 206 1
58 207 1
58 208 1
58 240 1
58 241 1
58 244 1
58 249 1
59 28 1
59 53 1
59 54 1
59 60 1
59 86 1
59 87 1
59 88 1
59 89 1
59 152 1
59 163 1
59 178 1
59 179 1
59 191 1
59 195 1
59 206 1
59 207 1
59 208 1
59 239 1
59 241 1
59 268 1
59 269 1
60 28 1
60 29 1
60 30 1
60 53 1
60 54 1
60 58 1
60 59 1
60 86 1
60 87 1
60 88 1
60 97 1
60 178 1
60 179 1
60 190 1
60 191 1
60 195 1
60 206 1
60 207 1
60 208 1
60 239 1
60 240 1
60 241 1
60 242 1
60 243 1
61 55 1
61 56 1
61 62 1
61 63 1
61 64 1
61 65 1
61 66 1
61 67 1
61 70 1
61 113 1
61 139 1
61 156 1
61 160 1
61 161 1
61 251 1
62 47 1
62 49 1
62 55 1
62 56 1
62 61 1
62 64 1
62 65 1
62 66 1
62 67 1
62 114 1
62 160 1
62 265 1
62 277 1
63 54 1
63 55 1
63 56 1
63 58 1
63 59 1
63 60 1
63 61 1
63 66 1
63 70 1
63 93 1
63 140 1
63 151 1
63 157 1
63 159 1
63 161 1
63 163 1
63 173 1
63 174 1
63 249 1
64 5 1
64 55 1
64 56 1
64 57 1
64 61 1
64 62 1
64 65 1
64 66 1
64 75 1
64 143 1
64 159 1
64 160 1
64 161 1
64 179 1
64 182 1
64 220 1
64 222 1
64 267 1
65 6 1
65 7 1
65 27 1
65 55 1
65 56 1
65 58 1
65 61 1
65 62 1
65 64 1
65 67 1
65 156 1
65 158 1
65 175 1
65 182 1
65 219 1
65 221 1
66 53 1
66 54 1
66 55 1
66 56 1
66 57 1
66 58 1
66 59 1
66 62 1
66 64 1
66 67 1
66 114 1
66 147 1
66 151 1
66 152 1
66 157 1
66 174 1
66 183 1
67 53 1
67 54 1
67 55 1
67 56 1
67 57 1
67 58 1
67 60 1
67 66 1
67 151 1
67 152 1
67 161 1
67 207 1
68 3 1
68 27 1
68 55 1
68 59 1
68 60 1
68 69 1
68 71 1
68 108 1
68 138 1
68 139 1
68 155 1
68 158 1
68 159 1
68 163 1
68 170 1
68 171 1
68 175 1
68 178 1
68 179 1
68 197 1
68 203 1
68 214 1
68 219 1
68 220 1
68 222 1
68 224 1
68 251 1
68 260 1
69 2 1
69 27 1
69 68 1
69 80 1
69 158 1
69 160 1
69 170 1
69 176 1
69 178 1
69 179 1
69 189 1
69 196 1
69 202 1
69 219 1
69 220 1
69 222 1
69 223 1
69 224 1
70 59 1
70 62 1
70 87 1
70 102 1
70 107 1
70 109 1
70 110 1
70 114 1
70 155 1
70 159 1
70 164 1
70 206 1
70 207 1
70 208 1
70 278 1
71 3 1
71 23 1
71 24 1
71 55 1
71 56 1
71 57 1
71 67 1
71 80 1
71 81 1
71 86 1
71 151 1
71 152 1
71 156 1
71 162 1
71 172 1
71 217 1
71 239 1
72 0 1
72 8 1
72 10 1
72 18 1
72 20 1
72 39 1
72 41 1
72 73 1
72 74 1
73 5 1
73 9 1
73 11 1
73 19 1
73 21 1
73 39 1
73 40 1
73 52 1
73 72 1
73 75 1
73 174 1
73 176 1
73 182 1
74 4 1
74 13 1
74 20 1
74 51 1
74 55 1
74 75 1
74 166 1
74 198 1
74 219 1
75 5 1
75 21 1
75 42 1
75 44 1
75 52 1
75 56 1
75 74 1
75 167 1
75 170 1
75 182 1
75 199 1
75 222 1
76 10 1
76 11 1
76 12 1
76 13 1
76 18 1
76 39 1
76 53 1
76 77 1
76 166 1
77 11 1
77 13 1
77 18 1
77 19 1
77 39 1
77 42 1
77 76 1
78 12 1
78 54 1
78 59 1
78 60 1
78 79 1
78 167 1
78 168 1
78 169 1
78 175 1
78 176 1
78 182 1
79 18 1
79 53 1
79 59 1
79 78 1
79 166 1
79 168 1
79 175 1
79 182 1
80 2 1
80 64 1
80 67 1
80 113 1
80 156 1
80 157 1
80 202 1
80 227 1
81 3 1
81 24 1
81 53 1
81 64 1
81 66 1
81 114 1
81 151 1
81 156 1
81 157 1
81 209 1
81 228 1
82 60 1
82 115 1
82 130 1
82 132 1
82 168 1
82 170 1
82 171 1
82 177 1
82 180 1
82 183 1
82 190 1
82 198 1
82 201 1
82 212 1
82 220 1
82 227 1
82 231 1
82 235 1
83 59 1
83 81 1
83 116 1
83 118 1
83 131 1
83 133 1
83 169 1
83 170 1
83 171 1
83 177 1
83 183 1
83 186 1
83 191 1
83 199 1
83 200 1
83 201 1
83 211 1
83 220 1
83 228 1
83 232 1
83 236 1
84 6 1
84 60 1
84 119 1
84 130 1
84 134 1
84 170 1
84 171 1
84 177 1
84 180 1
84 186 1
84 200 1
84 213 1
84 229 1
85 42 1
85 59 1
85 120 1
85 126 1
85 131 1
85 135 1
85 170 1
85 171 1
85 177 1
85 181 1
85 184 1
85 187 1
85 201 1
85 214 1
85 230 1
86 53 1
86 54 1
86 89 1
86 102 1
86 207 1
86 208 1
86 267 1
86 268 1
87 29 1
87 30 1
87 53 1
87 54 1
87 102 1
87 207 1
87 239 1
87 267 1
87 268 1
87 269 1
88 31 1
88 54 1
88 89 1
88 97 1
88 103 1
88 269 1
88 270 1
89 53 1
89 54 1
89 86 1
89 88 1
89 97 1
89 103 1
89 256 1
89 270 1
89 271 1
90 33 1
90 53 1
90 54 1
90 98 1
90 242 1
90 243 1
90 271 1
90 272 1
91 53 1
91 54 1
91 270 1
91 271 1
91 272 1
92 53 1
93 54 1
93 94 1
94 93 1
94 107 1
94 136 1
94 144 1
94 172 1
94 279 1
95 13 1
95 28 1
95 29 1
95 30 1
95 56 1
95 96 1
95 98 1
95 102 1
95 108 1
95 172 1
95 183 1
95 253 1
95 254 1
95 267 1
95 268 1
95 269 1
96 56 1
96 88 1
96 95 1
96 97 1
96 103 1
96 251 1
96 269 1
96 270 1
96 271 1
97 31 1
97 32 1
97 55 1
97 56 1
97 89 1
97 96 1
97 98 1
97 103 1
97 104 1
97 270 1
97 271 1
97 272 1
98 55 1
98 56 1
98 95 1
98 97 1
98 104 1
98 252 1
98 254 1
98 272 1
99 54 1
99 55 1
99 56 1
100 53 1
100 55 1
100 56 1
101 55 1
101 56 1
101 279 1
102 56 1
102 87 1
102 103 1
102 267 1
102 268 1
103 88 1
103 102 1
103 104 1
103 269 1
103 270 1
104 103 1
104 105 1
105 104 1
105 264 1
105 274 1
106 258 1
106 275 1
106 276 1
108 20 1
108 27 1
108 51 1
108 52 1
108 53 1
108 54 1
108 55 1
108 56 1
108 59 1
108 60 1
108 95 1
108 96 1
108 97 1
108 98 1
108 99 1
108 100 1
108 101 1
108 138 1
108 151 1
108 152 1
108 162 1
108 166 1
108 167 1
108 179 1
108 182 1
108 203 1
108 204 1
108 205 1
108 206 1
108 219 1
108 220 1
108 221 1
108 222 1
108 240 1
108 250 1
108 251 1
108 261 1
109 36 1
109 70 1
109 93 1
109 107 1
109 110 1
109 136 1
109 144 1
109 158 1
109 247 1
109 259 1
110 12 1
110 13 1
110 53 1
110 54 1
110 55 1
110 68 1
110 69 1
110 70 1
110 158 1
110 159 1
110 163 1
110 168 1
110 169 1
110 175 1
110 176 1
110 196 1
110 197 1
110 247 1
110 267 1
110 276 1
111 2 1
111 3 1
111 12 1
111 13 1
111 53 1
111 54 1
111 55 1
111 56 1
111 57 1
111 58 1
111 108 1
111 112 1
111 177 1
112 3 1
112 13 1
112 53 1
112 54 1
112 55 1
112 56 1
112 57 1
112 58 1
112 59 1
112 60 1
112 67 1
112 108 1
112 111 1
112 151 1
112 251 1
113 10 1
113 20 1
113 21 1
113 43 1
113 44 1
113 48 1
113 49 1
113 58 1
113 61 1
113 66 1
113 74 1
113 75 1
113 114 1
113 173 1
113 178 1
113 207 1
113 266 1
114 12 1
114 13 1
114 20 1
114 21 1
114 32 1
114 43 1
114 58 1
114 61 1
114 66 1
114 70 1
114 74 1
114 81 1
114 90 1
114 91 1
114 113 1
114 157 1
114 161 1
114 174 1
114 199 1
114 206 1
114 208 1
114 244 1
114 263 1
114 264 1
114 270 1
115 116 1
115 117 1
115 130 1
115 162 1
115 177 1
115 180 1
115 187 1
115 190 1
115 195 1
115 235 1
116 115 1
116 118 1
116 131 1
116 181 1
116 191 1
116 195 1
117 60 1
117 115 1
117 119 1
117 186 1
117 188 1
117 189 1
117 190 1
117 191 1
117 194 1
118 59 1
118 60 1
118 116 1
118 120 1
118 186 1
118 187 1
118 188 1
118 189 1
118 190 1
118 191 1
118 193 1
118 200 1
118 234 1
119 117 1
119 120 1
119 180 1
119 186 1
119 192 1
119 237 1
120 118 1
120 119 1
120 124 1
120 126 1
120 181 1
120 187 1
120 194 1
121 51 1
121 115 1
121 132 1
121 168 1
121 180 1
121 193 1
121 194 1
121 227 1
122 83 1
122 116 1
122 171 1
122 181 1
122 192 1
122 193 1
122 194 1
122 195 1
122 228 1
123 2 1
123 59 1
123 117 1
123 132 1
123 134 1
123 170 1
123 177 1
123 188 1
123 189 1
123 194 1
123 195 1
123 198 1
123 233 1
124 3 1
124 118 1
124 120 1
124 131 1
124 133 1
124 135 1
124 177 1
124 188 1
124 193 1
124 195 1
124 199 1
124 232 1
124 234 1
125 79 1
125 119 1
125 123 1
125 134 1
125 166 1
125 177 1
125 180 1
125 193 1
125 194 1
125 195 1
125 229 1
126 120 1
126 135 1
126 167 1
126 177 1
126 181 1
126 193 1
126 194 1
126 195 1
126 230 1
126 234 1
127 53 1
127 54 1
127 57 1
127 58 1
127 66 1
127 142 1
127 146 1
127 156 1
127 162 1
127 164 1
128 53 1
128 54 1
128 57 1
128 58 1
128 67 1
128 147 1
128 150 1
128 152 1
128 162 1
128 164 1
130 60 1
130 82 1
130 84 1
130 115 1
130 119 1
130 131 1
130 168 1
130 175 1
130 186 1
130 188 1
130 190 1
130 193 1
130 223 1
130 224 1
130 226 1
130 235 1
131 59 1
131 83 1
131 85 1
131 116 1
131 120 1
131 124 1
131 130 1
131 169 1
131 176 1
131 187 1
131 188 1
131 191 1
131 194 1
131 224 1
131 225 1
131 226 1
132 82 1
132 168 1
132 171 1
132 175 1
132 187 1
132 190 1
132 217 1
132 231 1
133 83 1
133 169 1
133 170 1
133 171 1
133 176 1
133 177 1
133 186 1
133 191 1
133 201 1
133 218 1
133 232 1
134 6 1
134 84 1
134 119 1
134 125 1
134 168 1
134 170 1
134 175 1
134 177 1
134 180 1
134 186 1
134 191 1
134 215 1
134 231 1
135 85 1
135 120 1
135 169 1
135 171 1
135 176 1
135 177 1
135 181 1
135 187 1
135 190 1
135 194 1
135 216 1
135 232 1
136 38 1
136 94 1
136 107 1
136 157 1
136 279 1
137 38 1
137 172 1
137 279 1
138 68 1
138 108 1
138 139 1
138 152 1
138 155 1
138 162 1
138 247 1
138 277 1
139 68 1
139 108 1
139 138 1
139 151 1
139 152 1
139 155 1
139 246 1
139 275 1
140 58 1
140 61 1
140 63 1
140 64 1
140 65 1
140 108 1
140 141 1
140 142 1
140 143 1
140 160 1
141 63 1
141 65 1
141 93 1
141 108 1
141 140 1
141 142 1
141 143 1
141 158 1
141 160 1
142 53 1
142 54 1
142 57 1
142 143 1
142 151 1
142 250 1
143 53 1
143 54 1
143 57 1
143 58 1
143 61 1
143 64 1
143 93 1
143 142 1
143 151 1
143 152 1
143 250 1
144 53 1
144 94 1
144 108 1
144 127 1
144 145 1
144 146 1
144 151 1
144 250 1
145 65 1
145 94 1
145 108 1
145 128 1
145 144 1
145 152 1
145 250 1
146 113 1
146 127 1
146 144 1
146 151 1
147 33 1
147 53 1
147 54 1
147 57 1
147 58 1
147 108 1
147 114 1
147 128 1
147 138 1
147 139 1
147 151 1
147 152 1
147 162 1
148 202 1
148 221 1
149 203 1
149 222 1
150 53 1
150 54 1
150 57 1
150 58 1
150 63 1
150 128 1
150 156 1
150 158 1
151 28 1
151 53 1
151 54 1
151 55 1
151 56 1
151 57 1
151 58 1
151 59 1
151 60 1
151 66 1
151 67 1
151 87 1
151 90 1
151 91 1
151 96 1
151 97 1
151 98 1
151 99 1
151 100 1
151 101 1
151 108 1
151 146 1
151 152 1
151 172 1
151 183 1
151 217 1
151 253 1
151 254 1
151 255 1
151 256 1
151 258 1
151 259 1
151 260 1
151 261 1
152 27 1
152 29 1
152 53 1
152 54 1
152 55 1
152 56 1
152 57 1
152 58 1
152 59 1
152 60 1
152 66 1
152 70 1
152 94 1
152 96 1
152 97 1
152 98 1
152 99 1
152 100 1
152 101 1
152 111 1
152 128 1
152 138 1
152 145 1
152 147 1
152 151 1
152 153 1
152 162 1
152 164 1
152 165 1
152 172 1
152 218 1
152 246 1
152 247 1
152 254 1
152 256 1
152 257 1
152 258 1
152 260 1
153 53 1
153 54 1
153 106 1
153 151 1
153 152 1
153 276 1
154 53 1
154 54 1
154 108 1
154 151 1
154 152 1
154 153 1
154 247 1
155 68 1
155 70 1
155 71 1
155 108 1
155 138 1
155 139 1
155 151 1
155 162 1
156 53 1
156 56 1
156 57 1
156 58 1
156 59 1
156 62 1
156 63 1
156 66 1
156 67 1
156 70 1
156 80 1
156 81 1
156 102 1
156 150 1
156 151 1
156 157 1
156 161 1
156 163 1
156 164 1
156 173 1
157 53 1
157 55 1
157 56 1
157 58 1
157 59 1
157 66 1
157 67 1
157 70 1
157 80 1
157 81 1
157 104 1
157 114 1
157 150 1
157 151 1
157 156 1
157 163 1
157 164 1
157 263 1
157 264 1
157 272 1
157 273 1
157 278 1
158 0 1
158 27 1
158 53 1
158 54 1
158 55 1
158 56 1
158 58 1
158 60 1
158 65 1
158 68 1
158 69 1
158 110 1
158 141 1
158 150 1
158 152 1
158 159 1
158 163 1
158 175 1
158 269 1
159 5 1
159 27 1
159 44 1
159 53 1
159 54 1
159 55 1
159 56 1
159 64 1
159 68 1
159 70 1
159 103 1
159 110 1
159 151 1
159 152 1
159 158 1
159 161 1
159 167 1
159 176 1
159 179 1
159 199 1
159 270 1
159 271 1
160 0 1
160 10 1
160 47 1
160 49 1
160 113 1
160 161 1
160 198 1
161 1 1
161 11 1
161 40 1
161 50 1
161 55 1
161 61 1
161 62 1
161 70 1
161 73 1
161 102 1
161 110 1
161 114 1
161 156 1
161 160 1
161 163 1
161 174 1
161 267 1
162 0 1
162 23 1
162 33 1
162 55 1
162 56 1
162 66 1
162 67 1
162 68 1
162 94 1
162 96 1
162 97 1
162 108 1
162 115 1
162 116 1
162 119 1
162 120 1
162 127 1
162 128 1
162 138 1
162 139 1
162 147 1
162 152 1
162 180 1
162 181 1
162 206 1
162 227 1
163 12 1
163 13 1
163 68 1
163 69 1
163 70 1
163 110 1
163 158 1
163 168 1
163 169 1
163 175 1
163 176 1
163 177 1
163 195 1
163 196 1
163 197 1
163 220 1
164 66 1
164 152 1
164 163 1
164 165 1
164 250 1
165 54 1
165 58 1
165 152 1
165 163 1
165 250 1
166 84 1
166 167 1
166 184 1
166 185 1
166 186 1
166 187 1
166 188 1
166 189 1
166 190 1
166 191 1
166 211 1
166 223 1
166 224 1
166 225 1
166 226 1
167 85 1
167 118 1
167 166 1
167 184 1
167 186 1
167 187 1
167 188 1
167 189 1
167 190 1
167 191 1
167 203 1
167 211 1
167 212 1
167 213 1
167 223 1
167 224 1
167 225 1
167 226 1
168 13 1
168 51 1
168 53 1
168 55 1
168 56 1
168 58 1
168 59 1
168 60 1
168 79 1
168 132 1
168 134 1
168 163 1
168 166 1
168 168 1
168 169 1
168 175 1
168 211 1
168 213 1
168 215 1
168 217 1
168 218 1
168 219 1
168 223 1
168 226 1
169 12 1
169 21 1
169 54 1
169 55 1
169 56 1
169 59 1
169 60 1
169 78 1
169 133 1
169 135 1
169 163 1
169 167 1
169 168 1
169 169 1
169 176 1
169 177 1
169 212 1
169 214 1
169 216 1
169 218 1
169 220 1
169 223 1
169 224 1
169 225 1
170 1 1
170 43 1
170 53 1
170 54 1
170 68 1
170 69 1
170 75 1
170 178 1
170 179 1
170 185 1
170 197 1
170 219 1
170 223 1
170 224 1
170 226 1
171 1 1
171 44 1
171 53 1
171 54 1
171 68 1
171 220 1
171 223 1
171 224 1
171 225 1
171 226 1
172 22 1
172 29 1
172 55 1
172 56 1
172 91 1
172 94 1
172 95 1
172 102 1
172 103 1
172 104 1
172 137 1
172 271 1
172 279 1
173 23 1
173 55 1
173 56 1
173 63 1
173 65 1
173 67 1
173 158 1
173 178 1
173 267 1
174 44 1
174 55 1
174 56 1
174 61 1
174 63 1
174 64 1
174 66 1
174 67 1
174 114 1
174 151 1
174 152 1
174 159 1
174 179 1
174 181 1
175 13 1
175 21 1
175 25 1
175 27 1
175 59 1
175 60 1
175 68 1
175 69 1
175 79 1
175 110 1
175 130 1
175 132 1
175 134 1
175 168 1
175 176 1
175 182 1
175 193 1
175 196 1
175 201 1
175 235 1
175 237 1
175 252 1
175 267 1
176 12 1
176 26 1
176 27 1
176 60 1
176 68 1
176 69 1
176 78 1
176 131 1
176 133 1
176 135 1
176 169 1
176 175 1
176 182 1
176 200 1
176 236 1
176 238 1
177 5 1
177 20 1
177 21 1
177 52 1
177 79 1
177 82 1
177 83 1
177 84 1
177 85 1
177 111 1
177 123 1
177 124 1
177 132 1
177 133 1
177 134 1
177 135 1
177 166 1
177 167 1
177 168 1
177 169 1
177 180 1
177 181 1
177 194 1
177 195 1
177 238 1
178 13 1
178 18 1
178 53 1
178 54 1
178 55 1
178 56 1
178 59 1
178 60 1
178 168 1
178 183 1
178 188 1
178 189 1
178 197 1
178 203 1
178 204 1
178 205 1
178 224 1
178 225 1
179 1 1
179 12 1
179 19 1
179 53 1
179 54 1
179 55 1
179 56 1
179 59 1
179 60 1
179 66 1
179 68 1
179 169 1
179 183 1
179 188 1
179 189 1
179 196 1
179 197 1
179 204 1
179 205 1
179 223 1
179 224 1
180 132 1
180 133 1
180 192 1
181 132 1
181 133 1
181 192 1
182 9 1
182 20 1
182 21 1
182 51 1
182 75 1
182 78 1
182 79 1
182 108 1
182 113 1
182 158 1
182 166 1
182 167 1
182 175 1
182 233 1
182 234 1
183 13 1
183 59 1
183 60 1
183 66 1
183 68 1
183 69 1
183 70 1
183 83 1
183 84 1
183 85 1
183 95 1
183 131 1
183 168 1
183 169 1
183 178 1
183 179 1
183 186 1
183 188 1
183 189 1
183 223 1
183 224 1
183 225 1
183 226 1
183 238 1
184 12 1
184 166 1
184 167 1
184 185 1
184 188 1
184 203 1
184 210 1
184 214 1
184 224 1
184 225 1
185 13 1
185 166 1
185 167 1
185 184 1
185 186 1
185 189 1
185 191 1
185 195 1
185 202 1
185 210 1
185 213 1
185 223 1
185 226 1
186 134 1
186 188 1
186 190 1
186 191 1
186 223 1
187 135 1
187 190 1
187 191 1
187 203 1
187 224 1
187 235 1
188 131 1
188 166 1
188 167 1
188 186 1
188 187 1
188 189 1
188 190 1
188 194 1
188 196 1
189 68 1
189 166 1
189 167 1
189 179 1
189 183 1
189 186 1
189 188 1
189 191 1
190 60 1
190 132 1
190 186 1
190 187 1
190 188 1
190 191 1
190 204 1
190 225 1
191 59 1
191 60 1
191 133 1
191 186 1
191 187 1
191 189 1
191 190 1
191 205 1
191 216 1
191 218 1
191 226 1
192 119 1
192 168 1
192 169 1
192 180 1
192 181 1
192 195 1
193 175 1
193 195 1
194 195 1
195 59 1
195 60 1
195 115 1
195 116 1
195 192 1
195 193 1
195 194 1
195 224 1
196 68 1
196 69 1
196 163 1
196 176 1
196 189 1
196 199 1
196 232 1
197 68 1
197 69 1
197 188 1
198 0 1
198 6 1
198 13 1
198 23 1
198 25 1
198 43 1
198 49 1
198 53 1
198 56 1
198 59 1
198 74 1
198 82 1
198 123 1
198 172 1
198 188 1
198 189 1
198 190 1
198 200 1
198 201 1
198 213 1
198 217 1
198 218 1
198 221 1
198 233 1
199 1 1
199 15 1
199 26 1
199 44 1
199 50 1
199 54 1
199 56 1
199 57 1
199 60 1
199 66 1
199 75 1
199 124 1
199 182 1
199 188 1
199 189 1
199 191 1
199 201 1
199 234 1
200 189 1
200 198 1
200 218 1
201 194 1
201 198 1
201 199 1
202 12 1
202 53 1
202 178 1
202 179 1
202 199 1
202 219 1
203 13 1
203 54 1
203 130 1
203 178 1
203 179 1
203 187 1
203 196 1
203 198 1
204 12 1
204 25 1
204 53 1
204 131 1
204 178 1
204 179 1
204 190 1
204 197 1
204 222 1
204 224 1
205 54 1
205 178 1
205 179 1
205 191 1
205 221 1
205 223 1
206 53 1
206 240 1
206 241 1
206 242 1
207 54 1
207 86 1
207 87 1
208 53 1
208 54 1
208 86 1
209 13 1
209 23 1
209 53 1
209 54 1
209 59 1
209 111 1
209 171 1
209 183 1
209 196 1
209 210 1
210 6 1
210 12 1
210 53 1
210 55 1
210 56 1
210 108 1
210 171 1
210 184 1
210 185 1
210 200 1
210 201 1
210 209 1
210 217 1
211 168 1
212 169 1
213 168 1
214 169 1
215 168 1
215 217 1
216 14 1
216 169 1
216 218 1
217 55 1
217 56 1
217 168 1
217 210 1
217 215 1
218 168 1
218 169 1
218 200 1
218 216 1
219 54 1
219 68 1
219 69 1
219 168 1
219 192 1
219 202 1
219 205 1
220 25 1
220 53 1
220 68 1
220 69 1
220 169 1
220 192 1
220 204 1
221 148 1
221 195 1
221 202 1
221 205 1
222 68 1
222 69 1
222 195 1
222 203 1
222 204 1
223 166 1
223 167 1
223 168 1
223 169 1
223 183 1
223 186 1
223 226 1
224 166 1
224 167 1
224 169 1
224 183 1
224 187 1
224 267 1
225 162 1
225 166 1
225 167 1
225 169 1
225 183 1
225 184 1
225 187 1
225 190 1
225 224 1
225 226 1
226 166 1
226 167 1
226 168 1
226 185 1
226 186 1
226 191 1
226 223 1
226 225 1
226 251 1
227 115 1
227 180 1
227 193 1
228 116 1
228 181 1
228 191 1
228 192 1
228 194 1
228 236 1
229 180 1
229 193 1
229 194 1
229 195 1
230 118 1
230 181 1
230 190 1
230 194 1
230 195 1
231 55 1
231 82 1
231 117 1
231 132 1
231 134 1
231 171 1
231 187 1
231 213 1
231 220 1
231 233 1
232 1 1
232 56 1
232 83 1
232 118 1
232 124 1
232 133 1
232 135 1
232 171 1
232 188 1
232 189 1
232 196 1
232 214 1
232 219 1
232 234 1
233 43 1
233 51 1
233 55 1
233 59 1
233 67 1
233 166 1
233 170 1
233 175 1
233 198 1
234 52 1
234 55 1
234 56 1
234 60 1
234 124 1
234 135 1
234 167 1
234 176 1
234 181 1
234 189 1
234 199 1
234 214 1
235 53 1
235 60 1
235 168 1
235 175 1
235 187 1
235 190 1
235 223 1
235 224 1
236 54 1
236 59 1
236 60 1
236 169 1
236 176 1
236 186 1
236 191 1
236 223 1
237 54 1
237 56 1
237 60 1
237 119 1
237 166 1
237 168 1
237 175 1
237 177 1
237 183 1
237 186 1
237 191 1
237 218 1
237 226 1
238 53 1
238 59 1
238 120 1
238 167 1
238 169 1
238 176 1
238 187 1
238 190 1
238 216 1
238 217 1
238 225 1
239 53 1
239 87 1
239 102 1
239 267 1
240 53 1
240 102 1
240 206 1
240 241 1
240 251 1
240 267 1
240 268 1
241 28 1
241 53 1
241 54 1
241 102 1
241 103 1
241 206 1
241 242 1
241 268 1
241 269 1
242 29 1
242 53 1
242 54 1
242 57 1
242 90 1
242 103 1
242 206 1
242 253 1
242 270 1
243 30 1
243 53 1
243 54 1
243 90 1
243 103 1
243 104 1
243 271 1
244 53 1
244 54 1
244 104 1
244 255 1
244 271 1
244 272 1
245 32 1
245 53 1
245 54 1
245 104 1
245 105 1
245 253 1
245 273 1
246 33 1
246 53 1
246 54 1
246 56 1
246 105 1
246 139 1
246 152 1
246 246 1
246 247 1
246 256 1
246 258 1
246 259 1
246 273 1
246 274 1
247 53 1
247 56 1
247 105 1
247 106 1
247 109 1
247 110 1
247 152 1
247 163 1
247 258 1
247 259 1
247 273 1
247 275 1
248 53 1
248 54 1
249 53 1
249 54 1
249 107 1
249 157 1
249 260 1
249 278 1
250 38 1
250 54 1
250 93 1
250 94 1
250 101 1
250 107 1
250 127 1
250 144 1
250 145 1
250 151 1
250 152 1
250 249 1
250 261 1
250 278 1
250 279 1
251 13 1
251 55 1
251 68 1
251 96 1
251 102 1
251 108 1
251 178 1
251 196 1
251 202 1
251 203 1
251 206 1
251 226 1
251 239 1
251 241 1
251 252 1
251 267 1
251 268 1
252 55 1
252 56 1
252 98 1
252 102 1
252 103 1
252 175 1
252 240 1
252 251 1
252 253 1
252 255 1
252 257 1
252 263 1
252 268 1
252 269 1
253 56 1
253 95 1
253 103 1
253 242 1
253 245 1
253 252 1
254 55 1
254 56 1
254 95 1
254 98 1
254 103 1
254 104 1
254 255 1
255 55 1
255 104 1
255 252 1
255 254 1
255 256 1
255 272 1
256 55 1
256 56 1
256 89 1
256 105 1
256 246 1
256 255 1
256 257 1
256 272 1
256 273 1
257 55 1
257 56 1
257 105 1
257 252 1
258 55 1
258 56 1
258 106 1
258 246 1
258 247 1
258 259 1
258 275 1
258 276 1
259 53 1
259 54 1
259 55 1
259 56 1
259 106 1
259 109 1
259 151 1
259 246 1
259 247 1
259 258 1
259 276 1
260 55 1
260 56 1
260 68 1
260 107 1
260 151 1
260 163 1
260 277 1
260 278 1
261 55 1
261 56 1
261 107 1
261 152 1
261 250 1
262 70 1
262 102 1
262 103 1
262 104 1
262 110 1
262 163 1
262 263 1
262 264 1
262 267 1
262 268 1
262 269 1
262 270 1
262 271 1
262 272 1
263 98 1
263 102 1
263 103 1
263 104 1
263 110 1
263 152 1
263 161 1
263 163 1
263 262 1
263 264 1
263 267 1
263 268 1
263 270 1
263 271 1
263 272 1
264 70 1
264 102 1
264 103 1
264 104 1
264 105 1
264 110 1
264 114 1
264 157 1
264 159 1
264 161 1
264 262 1
264 263 1
264 265 1
264 266 1
264 267 1
264 268 1
264 269 1
264 270 1
264 271 1
264 272 1
264 273 1
265 55 1
265 62 1
265 65 1
265 262 1
265 264 1
265 266 1
266 61 1
266 62 1
266 110 1
266 113 1
266 131 1
266 163 1
266 231 1
266 264 1
266 265 1
267 102 1
267 110 1
267 173 1
267 175 1
267 224 1
267 239 1
267 240 1
267 262 1
267 268 1
268 28 1
268 102 1
268 240 1
268 252 1
268 267 1
268 269 1
269 158 1
269 241 1
269 252 1
269 268 1
269 270 1
270 103 1
270 159 1
270 269 1
270 271 1
271 54 1
271 159 1
271 243 1
271 254 1
271 270 1
271 272 1
272 53 1
272 244 1
272 255 1
272 271 1
272 273 1
273 247 1
273 272 1
274 105 1
274 246 1
275 139 1
275 276 1
276 56 1
276 106 1
276 110 1
276 259 1
276 275 1
277 54 1
277 249 1
277 260 1
278 249 1
278 250 1
278 260 1
278 261 1
279 54 1
279 151 1
279 152 1
279 158 1
279 250 1
