0 5 2
0 6 3
0 11 7
0 12 1
0 16 2
0 17 3
0 18 2
0 66 1
0 91 2
0 92 2
0 97 1
0 122 1
0 128 2
0 134 2
0 147 3
0 153 1
1 5 1
1 7 3
1 10 2
1 11 1
1 16 1
1 17 4
1 21 1
1 23 1
1 66 1
1 94 3
1 129 2
2 18 7
2 19 2
2 63 1
2 100 1
2 101 19
3 19 6
3 102 11
4 6 1
4 8 6
4 10 5
4 14 5
4 20 2
4 91 3
4 97 16
4 103 2
5 0 1
5 7 1
5 9 1
5 11 4
5 13 4
5 15 13
5 90 2
5 92 4
5 94 3
5 96 1
5 98 13
5 106 3
5 125 1
6 18 1
6 84 1
6 128 7
7 11 2
7 92 1
7 94 16
7 129 5
8 4 2
8 10 1
8 12 12
8 16 1
8 20 1
8 91 1
8 97 9
8 113 1
8 124 2
8 129 1
8 147 3
8 156 1
8 189 1
8 191 2
9 7 1
9 11 1
9 13 4
9 21 2
9 70 1
9 76 1
9 86 1
9 90 6
9 92 1
9 98 7
9 106 1
9 148 1
9 157 2
10 2 1
10 8 1
10 11 1
10 13 1
10 15 3
10 16 8
10 17 7
10 60 1
10 72 1
10 90 1
10 91 17
10 92 15
10 97 1
10 128 10
10 129 9
10 148 1
11 5 1
11 10 2
11 14 2
11 15 3
11 16 1
11 17 1
11 18 1
11 21 2
11 22 3
11 23 1
11 91 6
11 92 22
11 94 3
11 97 1
11 128 3
11 129 17
12 8 2
12 14 1
12 17 1
12 22 1
12 26 1
12 90 3
12 95 9
12 97 21
12 103 1
12 122 1
12 124 3
12 125 1
12 128 1
12 129 1
12 147 23
12 178 1
12 187 1
12 189 1
12 191 6
13 5 1
13 9 2
13 13 1
13 15 1
13 17 1
13 21 2
13 24 3
13 27 4
13 70 2
13 76 1
13 87 2
13 90 6
13 92 2
13 96 7
13 98 12
13 104 1
13 112 1
13 115 1
13 125 11
13 148 24
13 190 2
13 192 3
14 8 3
14 10 1
14 11 1
14 14 1
14 84 2
14 91 11
14 128 1
15 10 1
15 11 2
15 14 1
15 92 15
16 0 1
16 7 1
16 11 1
16 14 2
16 17 8
16 91 16
16 94 3
16 97 1
16 128 9
16 129 2
16 147 3
16 158 1
16 187 1
17 0 1
17 1 1
17 7 1
17 10 4
17 11 2
17 13 1
17 16 9
17 21 1
17 59 1
17 91 6
17 92 11
17 94 4
17 128 2
17 129 8
17 147 1
17 178 1
18 2 1
18 11 2
18 85 4
18 128 7
19 5 2
19 7 1
19 11 1
19 23 3
19 66 1
19 86 4
19 94 25
19 100 1
19 106 1
19 129 3
20 12 5
20 18 1
20 22 3
20 26 2
20 90 3
20 97 2
20 103 1
20 110 1
20 113 2
20 128 7
20 142 4
20 143 15
20 147 5
20 149 1
20 156 9
20 158 12
20 159 1
20 162 3
21 5 1
21 8 1
21 13 2
21 21 2
21 23 6
21 94 13
21 104 4
21 112 1
21 115 1
21 127 5
21 129 3
21 142 14
21 143 2
21 148 2
21 152 5
21 157 6
21 159 9
21 160 3
21 192 2
22 4 1
22 6 1
22 8 3
22 10 1
22 11 6
22 16 1
22 20 4
22 75 2
22 90 1
22 100 3
22 103 1
22 124 1
22 128 14
22 139 1
22 140 3
22 142 2
22 143 8
22 147 1
22 156 5
22 158 6
22 159 2
22 162 3
22 191 2
23 11 1
23 17 3
23 21 3
23 23 2
23 27 6
23 66 1
23 72 1
23 76 1
23 89 3
23 94 11
23 104 1
23 106 1
23 129 15
23 130 1
23 131 2
23 139 1
23 140 2
23 142 16
23 143 2
23 156 3
23 157 5
23 159 5
23 160 2
23 163 2
23 192 2
23 195 1
24 13 1
24 25 1
24 27 1
24 66 1
24 83 1
24 96 1
24 98 2
24 123 14
24 124 1
24 125 7
24 128 2
24 148 15
24 151 2
24 152 4
24 155 1
24 159 2
24 163 1
24 167 1
24 179 1
25 24 1
25 34 1
25 75 1
25 91 1
25 122 13
25 123 1
25 124 5
25 147 11
25 151 6
25 158 2
25 187 1
26 0 1
26 12 1
26 20 1
26 25 2
26 26 2
26 59 1
26 63 1
26 75 1
26 77 2
26 85 2
26 90 1
26 95 11
26 97 1
26 103 5
26 124 4
26 126 5
26 130 4
26 140 4
26 143 1
26 147 10
26 151 6
26 155 1
26 156 3
26 158 1
27 9 1
27 13 2
27 23 1
27 37 1
27 64 1
27 76 2
27 86 2
27 89 6
27 90 3
27 96 9
27 104 1
27 106 1
27 125 5
27 127 6
27 131 2
27 148 9
27 152 1
27 156 2
27 157 1
27 159 2
27 163 7
27 172 1
27 175 3
27 192 2
27 197 1
27 200 1
28 126 1
28 134 4
28 147 1
28 173 1
28 180 1
28 187 1
28 190 3
28 198 1
29 48 1
29 135 5
29 149 1
29 158 2
29 186 1
29 187 1
29 189 2
30 132 4
30 191 5
31 133 6
31 134 1
31 176 1
31 192 10
32 36 1
32 42 1
32 44 1
32 99 3
32 129 1
32 131 1
32 133 1
32 142 2
32 151 1
32 153 2
32 156 1
32 157 2
32 158 2
32 159 4
32 160 1
32 163 1
32 195 1
33 22 1
33 32 3
33 36 1
33 44 4
33 128 4
33 130 1
33 131 2
33 156 9
33 157 5
33 158 4
33 180 2
33 181 3
34 24 5
34 25 3
34 26 2
34 44 3
34 90 1
34 114 2
34 115 1
34 124 1
34 139 1
34 142 1
34 143 1
34 147 5
34 148 3
34 156 3
34 157 6
34 158 4
34 159 3
34 160 1
34 161 2
35 53 2
35 112 1
35 115 1
35 117 1
35 118 1
35 120 1
35 140 1
35 142 9
35 143 12
35 158 12
35 159 13
35 160 1
35 161 1
35 208 1
35 217 1
35 228 1
36 32 1
36 36 1
36 63 2
36 65 1
36 85 1
36 105 1
36 107 9
36 126 2
36 130 1
36 131 2
36 143 1
36 151 2
36 160 6
36 161 2
36 173 1
36 190 1
37 64 1
37 66 3
37 89 1
37 108 9
37 161 7
37 172 1
37 185 1
37 197 1
38 48 2
38 107 3
38 108 4
38 112 1
38 118 3
38 119 1
38 136 1
38 140 1
38 142 1
38 143 1
38 155 1
38 156 10
38 157 5
38 160 8
38 161 10
38 195 3
38 201 1
38 237 1
38 250 1
39 38 1
39 44 3
39 49 7
39 50 4
39 136 11
39 160 1
39 161 1
42 43 2
42 44 1
42 47 3
42 48 1
42 99 1
42 128 1
42 129 2
42 142 5
42 143 12
42 156 3
42 157 7
42 158 14
42 159 18
42 161 1
42 230 1
42 236 1
43 42 8
43 44 3
43 48 2
43 103 1
43 104 1
43 139 1
43 140 1
43 142 10
43 143 3
43 151 4
43 152 4
43 156 5
43 157 5
43 158 12
43 159 4
43 160 2
43 248 1
44 26 1
44 34 5
44 49 2
44 67 1
44 90 3
44 95 3
44 96 4
44 97 3
44 98 2
44 115 2
44 133 1
44 134 2
44 135 1
44 143 1
44 147 1
44 148 2
44 150 1
44 151 9
44 152 10
44 156 1
44 157 1
44 158 3
44 159 1
44 160 4
44 161 1
44 182 1
44 187 1
44 189 4
44 190 4
44 191 3
44 192 4
44 202 1
44 212 2
44 213 3
44 214 1
44 217 2
44 237 1
44 241 1
44 243 1
44 247 1
44 248 1
44 254 1
44 258 2
47 36 1
47 42 2
47 47 2
47 48 3
47 59 2
47 63 1
47 65 1
47 71 5
47 79 2
47 87 2
47 88 1
47 103 1
47 105 1
47 107 1
47 112 1
47 124 6
47 125 6
47 126 3
47 133 1
47 142 1
47 147 1
47 151 2
47 158 1
47 159 3
47 169 3
47 174 4
47 178 1
47 179 1
47 180 1
47 181 2
47 190 1
47 191 1
47 198 1
47 248 1
48 1 1
48 27 2
48 29 1
48 42 1
48 43 1
48 47 1
48 60 1
48 64 3
48 66 1
48 72 3
48 80 1
48 89 1
48 104 1
48 124 9
48 125 4
48 127 2
48 140 1
48 143 2
48 148 1
48 152 2
48 158 5
48 159 2
48 174 1
48 175 6
48 188 1
49 39 1
49 44 18
49 50 3
49 136 5
50 44 22
50 136 8
50 160 1
50 161 1
50 249 1
51 44 1
51 52 8
51 53 5
51 54 7
51 101 2
51 110 3
51 112 3
51 113 1
51 120 6
51 143 2
51 208 2
52 44 4
52 51 9
52 53 2
52 54 7
52 101 4
52 102 1
52 113 1
52 114 2
52 120 7
52 141 2
52 143 2
52 208 1
53 54 3
53 118 1
53 120 1
53 142 1
53 143 1
53 158 12
53 159 13
53 160 18
53 208 1
53 228 1
53 247 3
54 53 3
54 55 1
54 56 3
54 142 2
54 143 3
54 158 12
54 159 10
54 160 9
54 161 7
54 247 1
55 44 6
55 52 1
55 56 1
55 102 2
55 113 1
55 116 1
55 158 2
55 160 3
55 209 1
55 247 2
56 44 12
56 52 1
56 55 3
56 102 1
56 113 2
56 117 3
56 161 13
56 209 13
56 247 4
57 57 1
57 73 2
57 77 10
57 87 2
57 95 1
57 122 1
57 157 1
57 162 16
57 164 4
57 168 6
57 169 4
57 170 2
57 171 1
57 180 1
58 64 1
58 74 1
58 78 11
58 130 1
58 131 1
58 162 1
58 163 19
58 165 4
58 168 7
58 169 5
58 170 2
58 171 2
59 26 2
59 47 7
59 73 9
59 75 6
59 79 4
59 87 9
59 130 1
59 151 1
59 166 1
59 169 5
59 171 2
59 175 1
60 27 1
60 48 3
60 72 3
60 74 5
60 76 11
60 80 1
60 87 7
60 89 2
60 127 1
60 152 2
60 165 1
60 167 1
60 168 3
60 171 1
60 174 1
61 25 1
61 59 1
61 75 2
61 81 10
61 87 3
61 138 1
61 147 2
61 162 18
61 166 6
61 168 3
61 169 4
61 171 1
62 23 1
62 27 1
62 76 2
62 82 8
62 87 4
62 148 2
62 158 1
62 163 14
62 167 9
62 168 4
62 169 5
62 170 1
62 171 5
62 198 1
63 14 1
63 36 2
63 57 1
63 64 1
63 67 3
63 71 4
63 73 8
63 77 6
63 83 1
63 87 1
63 88 6
63 99 2
63 122 2
63 126 4
63 130 7
63 131 4
63 152 8
63 162 3
63 164 3
63 172 1
63 176 9
63 180 1
63 181 6
63 190 3
63 198 2
64 27 2
64 64 3
64 68 1
64 72 7
64 74 9
64 78 7
64 80 1
64 87 1
64 89 7
64 106 1
64 108 3
64 123 1
64 127 1
64 130 8
64 131 9
64 151 6
64 165 2
64 175 1
64 177 2
64 180 3
64 181 1
64 189 1
65 26 1
65 69 3
65 71 3
65 75 5
65 81 2
65 122 1
65 126 1
65 130 6
65 131 4
65 147 1
65 152 3
65 162 2
65 166 2
65 172 6
65 177 1
65 180 3
65 181 4
65 188 1
65 191 1
65 199 1
66 7 2
66 23 2
66 62 1
66 64 1
66 70 1
66 72 8
66 76 6
66 82 4
66 130 3
66 131 3
66 147 1
66 148 1
66 151 7
66 163 1
66 167 2
66 173 3
66 178 1
66 181 4
66 186 1
66 192 1
66 200 4
67 71 3
67 73 2
67 77 2
67 97 1
67 122 5
67 151 1
67 152 5
67 173 4
67 176 7
67 185 2
67 186 1
68 16 1
68 27 1
68 64 1
68 74 1
68 78 3
68 123 1
68 151 3
68 152 2
68 156 1
68 170 1
68 172 3
68 177 5
68 185 5
68 188 1
69 26 1
69 65 1
69 71 2
69 75 2
69 81 1
69 87 1
69 99 1
69 103 1
69 122 5
69 140 1
69 143 2
69 147 1
69 152 9
69 155 3
69 157 1
69 172 6
69 177 2
69 188 5
69 195 1
70 66 1
70 82 3
70 104 1
70 123 5
70 148 1
70 151 10
70 156 2
70 158 1
70 173 11
70 174 1
70 176 4
70 187 3
70 190 1
70 195 2
71 47 3
71 63 3
71 65 6
71 67 2
71 69 1
71 71 2
71 81 1
71 122 13
71 152 26
71 168 3
71 172 10
71 174 1
71 176 3
71 185 6
71 186 7
71 188 4
72 48 1
72 60 1
72 64 7
72 66 11
72 72 2
72 74 1
72 78 1
72 82 1
72 99 1
72 123 13
72 151 24
72 169 2
72 170 1
72 173 15
72 174 4
72 175 1
72 177 4
72 185 3
72 186 1
72 187 5
72 188 4
73 63 1
73 67 1
73 87 1
73 131 2
73 168 1
73 170 1
73 172 1
73 173 5
73 180 1
73 195 5
74 78 1
74 87 2
74 130 1
74 131 1
74 169 1
74 172 3
74 181 2
75 59 1
75 130 2
75 143 1
75 158 1
75 177 4
75 180 1
75 193 3
75 199 1
76 82 2
76 87 3
76 131 2
76 163 3
76 169 2
76 176 5
76 181 1
77 57 1
77 162 3
77 164 2
77 168 1
77 173 2
77 176 2
78 58 3
78 68 1
78 72 1
78 78 1
78 80 2
78 163 11
78 165 2
78 172 4
78 177 12
79 47 2
79 59 1
79 71 1
79 88 1
79 126 1
79 152 2
79 166 2
79 169 3
79 172 7
79 175 5
79 176 8
79 177 2
80 27 1
80 72 1
80 151 1
80 152 2
80 168 3
80 172 5
80 173 3
80 174 4
80 175 1
80 176 3
80 177 7
80 180 1
81 69 3
81 75 1
81 79 1
81 81 1
81 162 5
81 166 2
81 172 14
81 177 1
81 180 1
82 62 2
82 72 1
82 76 1
82 80 2
82 163 9
82 167 4
82 173 17
82 176 1
83 0 8
83 7 1
83 10 1
83 15 9
83 24 4
83 94 1
83 96 2
83 122 2
83 123 2
83 134 2
83 153 1
83 155 1
83 176 2
84 6 1
84 10 1
84 11 2
84 14 8
84 15 2
84 16 1
84 25 5
84 26 1
84 27 1
84 63 1
84 83 1
84 84 1
84 95 1
84 96 1
84 122 4
84 128 2
84 155 2
85 2 2
85 6 4
85 18 3
85 26 1
85 36 1
85 63 2
85 101 1
85 105 2
85 110 5
85 111 3
85 112 2
85 113 1
85 126 2
85 139 1
85 142 1
85 155 1
85 191 3
86 3 3
86 7 3
86 13 1
86 19 3
86 27 4
86 66 1
86 74 1
86 86 1
86 94 7
86 100 1
86 106 2
86 108 1
86 110 3
86 111 4
86 113 1
86 119 1
86 127 2
86 140 1
86 143 1
86 159 1
86 175 1
87 13 1
87 24 1
87 25 1
87 59 1
87 60 1
87 61 3
87 62 4
87 63 3
87 65 2
87 66 2
87 70 2
87 73 6
87 74 4
87 75 3
87 76 6
87 91 1
87 92 2
87 96 1
87 97 6
87 98 5
87 122 7
87 123 8
87 147 13
87 148 14
87 162 6
87 163 6
87 167 1
87 169 4
87 171 8
88 26 12
88 63 2
88 67 1
88 71 1
88 79 3
88 88 1
88 103 2
88 130 1
88 131 1
88 156 1
88 173 1
88 181 5
88 190 1
88 198 1
88 199 1
89 23 5
89 27 7
89 48 1
89 60 1
89 64 1
89 66 1
89 72 1
89 74 1
89 78 1
89 80 2
89 104 2
89 127 3
89 130 2
89 131 1
89 142 1
89 157 1
89 174 1
89 175 1
89 189 2
89 192 1
89 197 2
89 200 2
90 9 1
90 12 1
90 13 2
90 15 1
90 20 1
90 21 1
90 25 1
90 26 4
90 27 5
90 34 2
90 44 6
90 86 1
90 95 3
90 97 8
90 98 9
90 104 1
90 114 1
90 115 1
90 124 1
90 125 1
90 126 1
90 127 1
90 147 5
90 148 3
90 151 1
91 4 3
91 11 1
91 14 2
91 16 3
91 17 1
91 87 1
91 90 1
91 97 21
91 122 6
91 128 3
91 147 11
92 5 1
92 7 1
92 9 1
92 10 1
92 11 2
92 13 1
92 15 1
92 25 1
92 83 1
92 91 2
92 98 17
92 123 12
92 148 11
92 179 1
94 1 1
94 5 3
94 7 4
94 11 3
94 16 4
94 17 4
94 19 1
94 23 6
94 94 1
94 98 1
94 104 1
94 106 4
94 129 19
95 12 1
95 25 2
95 26 1
95 44 2
95 91 1
95 97 2
95 122 24
95 129 1
95 143 1
95 147 11
95 151 8
95 158 6
96 24 1
96 27 3
96 83 1
96 84 1
96 92 1
96 98 1
96 123 16
96 148 12
96 152 6
96 159 3
97 10 3
97 12 1
97 14 1
97 17 2
97 44 1
97 67 2
97 124 2
97 128 6
97 129 24
97 131 2
97 137 1
97 147 10
97 149 12
97 151 1
97 152 13
97 187 1
97 189 12
97 191 10
97 249 1
98 5 1
98 11 2
98 13 1
98 17 2
98 44 3
98 94 5
98 128 15
98 129 3
98 148 11
98 150 13
98 151 6
98 152 1
98 186 2
98 190 7
98 192 4
98 198 1
99 63 2
99 64 1
99 65 3
99 66 3
99 68 1
99 70 1
99 72 1
99 99 1
99 122 5
99 123 11
99 136 4
99 137 8
99 149 6
99 150 6
99 151 11
99 152 9
99 171 2
99 172 1
99 173 1
99 174 4
99 175 9
99 185 1
99 186 4
99 187 1
99 188 1
100 3 1
100 143 1
100 148 1
100 151 3
100 152 4
100 175 3
101 2 2
101 4 1
101 18 6
101 113 1
101 114 1
101 126 1
101 208 1
101 235 1
102 2 1
102 5 3
102 11 2
102 19 5
102 86 1
102 94 10
102 106 3
102 111 1
102 127 1
102 138 1
102 141 1
102 157 1
102 230 1
102 235 1
102 259 1
103 22 2
103 26 1
103 103 1
103 114 1
103 128 1
103 129 2
103 130 3
103 131 1
103 140 10
103 142 1
103 143 2
103 149 4
103 151 2
103 156 5
103 157 7
103 158 2
103 159 1
103 162 2
103 166 1
103 188 3
104 21 2
104 27 1
104 68 1
104 106 1
104 128 1
104 129 2
104 139 8
104 142 1
104 143 2
104 150 6
104 151 1
104 156 2
104 157 8
104 159 6
104 163 4
104 179 1
104 187 1
105 36 5
105 113 1
105 114 7
105 140 5
105 149 3
105 156 19
105 157 1
106 9 1
106 21 3
106 23 1
106 27 2
106 66 1
106 97 1
106 105 1
106 110 1
106 115 3
106 139 2
106 140 1
106 148 1
106 150 5
106 156 1
106 157 20
106 160 1
106 161 1
106 163 1
107 36 1
107 47 4
107 103 1
107 105 1
107 112 2
107 118 2
107 119 3
107 126 1
107 132 1
107 140 2
107 164 3
108 32 1
108 37 3
108 48 2
108 66 1
108 112 1
108 118 5
108 119 3
108 139 3
108 157 1
108 158 3
108 160 2
108 165 1
110 50 1
110 85 1
110 101 1
110 102 1
110 105 1
110 106 1
110 111 9
110 112 4
110 113 1
110 118 1
110 120 4
110 121 1
110 139 2
110 156 3
110 157 1
110 191 1
110 227 1
110 248 1
110 249 1
111 21 1
111 85 1
111 101 2
111 110 3
111 112 4
111 113 2
111 115 1
111 120 1
111 126 1
111 139 2
111 140 1
111 156 2
111 157 5
111 158 1
111 161 1
111 172 1
111 237 1
111 269 1
112 9 2
112 13 4
112 21 1
112 90 2
112 102 2
112 106 1
112 108 1
112 110 1
112 111 4
112 113 1
112 114 1
112 115 1
112 139 4
112 140 1
112 142 1
112 150 1
112 156 2
112 157 1
112 159 1
112 182 1
112 190 2
112 192 2
112 230 1
112 259 1
113 8 1
113 19 1
113 23 2
113 34 1
113 44 1
113 90 5
113 110 3
113 111 3
113 112 1
113 114 5
113 120 1
113 124 1
113 140 3
113 143 1
113 156 2
113 157 1
113 158 1
113 189 3
113 191 1
114 34 5
114 90 1
114 103 1
114 113 3
114 124 2
114 143 2
114 156 9
114 157 9
114 158 2
114 159 2
114 160 2
114 161 7
115 13 1
115 21 1
115 27 1
115 34 4
115 102 1
115 112 3
115 120 1
115 125 2
115 138 2
115 139 1
115 148 2
115 150 1
115 156 4
115 157 7
115 158 1
115 159 3
115 160 4
115 161 6
115 231 1
116 53 1
116 118 1
116 139 2
116 140 1
116 142 5
116 143 2
116 145 1
116 158 9
116 159 6
117 35 1
117 118 1
117 140 1
117 142 4
117 143 3
117 145 1
117 146 2
117 158 5
117 159 10
117 161 2
117 229 1
118 35 2
118 107 3
118 108 2
118 115 1
118 116 2
118 119 7
118 120 2
118 139 5
118 140 5
118 141 3
118 142 4
118 143 3
118 145 3
118 146 1
118 157 2
118 158 3
118 160 2
118 230 2
118 247 1
118 270 1
119 26 1
119 35 3
119 36 1
119 63 1
119 88 1
119 107 1
119 119 1
119 139 1
119 140 2
119 141 3
119 142 2
119 143 1
119 145 5
119 146 2
119 151 2
119 157 4
119 158 5
119 161 2
119 213 1
119 231 1
119 246 1
119 261 3
119 262 4
119 264 1
119 265 1
119 270 1
119 271 1
120 51 2
120 102 1
120 110 2
120 118 1
120 119 2
120 120 1
120 138 1
120 139 5
120 140 2
120 141 1
120 142 1
120 143 2
120 151 2
120 152 1
120 156 4
120 157 1
120 158 2
120 159 3
120 160 1
120 161 2
120 208 1
120 241 1
121 55 1
121 114 5
121 138 3
121 208 4
121 210 1
121 235 3
121 271 1
122 25 3
122 65 3
122 67 3
122 95 3
122 99 3
122 124 1
122 129 2
122 138 1
122 143 1
122 147 3
122 149 1
122 151 3
122 152 9
122 157 1
122 158 4
122 175 1
122 188 3
123 24 5
123 70 1
123 72 1
123 83 1
123 87 1
123 96 1
123 98 2
123 99 1
123 125 4
123 128 2
123 148 5
123 151 4
123 152 3
123 156 1
123 159 3
123 170 1
123 177 1
123 185 1
123 187 1
123 188 1
124 12 1
124 22 1
124 25 2
124 26 3
124 28 1
124 44 1
124 75 1
124 87 1
124 90 5
124 97 9
124 98 1
124 114 1
124 122 2
124 126 1
124 129 4
124 137 2
124 151 5
124 152 1
124 181 3
125 15 1
125 24 1
125 27 3
125 29 2
125 44 2
125 70 1
125 76 1
125 90 2
125 98 5
125 123 2
125 128 1
125 136 3
125 137 1
125 138 1
125 141 1
125 142 1
125 148 2
125 152 4
125 180 3
126 20 1
126 22 1
126 26 3
126 63 1
126 85 2
126 103 4
126 105 1
126 111 1
126 114 1
126 129 1
126 132 1
126 151 2
126 155 1
126 157 2
126 158 3
126 173 1
126 174 2
126 175 8
126 176 7
126 180 1
126 181 3
126 185 1
126 186 1
126 191 2
126 195 2
126 197 1
126 198 1
126 199 3
127 21 1
127 27 2
127 29 3
127 37 1
127 48 1
127 60 1
127 72 1
127 86 1
127 90 1
127 104 2
127 125 2
127 132 2
127 135 1
127 139 3
127 142 1
127 152 3
127 156 2
127 157 2
127 158 1
127 172 1
127 174 6
127 175 4
127 177 8
127 192 1
127 193 2
127 197 1
127 200 1
128 20 1
128 21 1
128 42 1
128 98 3
128 105 1
128 123 7
128 125 3
128 128 1
128 132 4
128 133 5
128 134 1
128 135 1
128 149 1
128 150 28
128 151 1
128 154 4
128 156 7
128 158 3
128 186 6
128 188 2
128 198 1
128 200 1
129 17 1
129 23 1
129 34 1
129 44 1
129 92 1
129 94 1
129 95 1
129 122 6
129 124 1
129 131 1
129 132 2
129 133 2
129 135 1
129 147 1
129 149 24
129 150 4
129 151 2
129 153 1
129 157 5
129 159 2
129 185 6
129 187 6
129 193 1
129 197 1
129 248 1
130 23 1
130 63 1
130 65 2
130 75 1
130 89 1
130 103 1
130 104 4
130 131 1
130 134 1
130 149 1
130 150 4
130 154 1
130 158 10
130 159 10
130 179 3
130 185 5
130 186 4
130 188 1
130 189 3
130 190 1
131 63 1
131 64 1
131 89 2
131 97 1
131 104 2
131 126 1
131 128 1
131 129 1
131 130 3
131 137 1
131 149 4
131 150 1
131 153 1
131 158 7
131 159 8
131 178 1
131 185 5
131 186 3
131 187 4
131 188 2
131 190 2
131 248 2
132 72 3
132 124 1
132 128 1
132 149 6
132 150 7
132 154 1
132 158 7
132 177 1
133 31 1
133 71 2
133 126 1
133 128 1
133 129 1
133 149 6
133 150 11
133 153 3
133 154 1
133 158 1
133 159 9
133 187 3
133 190 2
133 192 1
134 72 1
134 128 1
134 149 3
134 150 15
134 154 5
134 158 24
134 186 8
134 187 1
134 190 1
135 1 1
135 29 1
135 77 3
135 129 1
135 135 1
135 148 1
135 149 5
135 150 3
135 156 1
135 159 18
135 162 3
135 171 1
135 185 9
135 189 1
136 38 1
136 44 1
136 49 2
136 50 1
136 132 1
136 133 2
136 149 2
136 150 1
136 151 4
136 152 1
136 153 1
136 156 2
136 174 1
136 178 3
136 200 1
136 248 1
137 101 1
137 107 1
137 114 1
137 124 1
137 126 1
137 132 1
137 136 1
137 149 3
137 150 2
137 153 1
137 174 1
137 175 1
137 181 1
137 186 2
137 188 1
137 189 1
137 197 1
138 122 1
138 123 3
138 124 9
138 125 6
138 128 1
138 129 3
138 136 2
138 141 1
138 153 7
138 154 6
138 156 1
138 158 4
138 159 6
138 166 1
138 179 1
139 21 1
139 83 1
139 99 1
139 106 1
139 112 2
139 119 3
139 140 1
139 142 1
139 151 1
139 156 4
139 157 5
139 159 1
139 160 4
139 161 1
139 182 1
140 36 1
140 38 1
140 43 1
140 102 1
140 111 1
140 139 1
140 142 1
140 143 4
140 152 3
140 155 1
140 156 7
140 157 2
140 158 2
140 159 3
140 160 2
140 161 6
140 183 1
141 87 1
141 99 1
141 124 1
141 125 4
141 128 2
141 129 5
141 136 7
141 137 6
141 138 3
141 153 1
141 154 4
141 171 2
142 116 1
142 138 1
142 139 1
142 143 3
142 151 3
142 158 23
142 159 24
142 160 1
142 182 3
142 183 1
142 184 2
142 201 2
142 202 1
142 203 5
142 204 2
142 205 1
142 208 2
142 221 1
142 227 1
142 228 3
142 236 1
142 238 2
142 245 2
142 247 1
143 35 2
143 100 1
143 116 2
143 138 1
143 140 1
143 142 3
143 152 2
143 156 1
143 158 25
143 159 36
143 161 2
143 182 1
143 183 6
143 184 1
143 201 1
143 202 1
143 203 2
143 204 2
143 205 2
143 206 1
143 208 1
143 209 1
143 211 1
143 214 1
143 227 2
143 228 3
143 237 1
143 238 2
143 246 1
145 139 1
145 141 2
145 146 1
145 160 1
145 161 1
145 270 1
146 117 1
146 141 2
146 143 3
146 159 1
146 161 1
146 247 1
147 25 1
147 26 2
147 34 3
147 63 1
147 90 3
147 97 1
147 122 2
147 132 1
147 148 13
147 149 2
147 150 1
147 158 2
147 172 24
147 173 13
147 174 15
147 175 11
147 176 20
147 177 19
147 178 4
147 179 3
147 185 13
147 186 22
147 187 11
147 188 20
147 190 1
147 197 2
147 200 1
148 13 1
148 65 1
148 66 1
148 80 1
148 96 1
148 123 1
148 133 1
148 147 19
148 148 1
148 159 2
148 172 24
148 173 18
148 174 7
148 175 15
148 176 16
148 177 28
148 178 1
148 179 2
148 185 18
148 186 11
148 187 26
148 188 13
148 190 1
148 192 1
148 198 3
148 199 7
149 122 8
149 128 1
149 129 13
149 131 1
149 132 1
149 133 3
149 134 7
149 135 4
149 137 1
149 147 1
149 149 2
149 150 2
149 152 2
149 153 1
149 154 2
149 156 2
149 157 4
149 158 2
149 159 1
149 174 5
149 175 10
149 185 4
149 186 10
149 187 7
149 248 2
150 99 2
150 104 3
150 123 1
150 128 8
150 134 6
150 135 6
150 136 1
150 139 2
150 149 2
150 153 1
150 154 4
150 156 3
150 157 5
150 158 8
150 174 6
150 175 6
150 185 6
150 186 9
150 187 1
150 188 2
150 248 1
151 36 1
151 126 2
151 141 1
151 142 3
151 158 11
151 159 7
151 160 1
151 161 1
151 182 10
151 183 8
151 184 6
151 201 6
151 202 2
151 203 5
151 204 1
151 213 1
151 214 1
151 218 1
151 220 1
151 236 7
151 238 3
151 239 1
151 260 1
151 261 1
152 27 1
152 63 1
152 71 1
152 98 1
152 127 1
152 142 2
152 143 2
152 150 1
152 151 1
152 158 8
152 159 19
152 182 1
152 183 5
152 184 5
152 201 4
152 202 4
152 203 2
152 213 1
152 218 3
152 219 3
152 220 1
152 236 3
152 237 2
152 238 1
152 239 1
153 24 1
153 99 1
153 123 1
153 135 1
153 136 6
153 137 7
153 138 1
153 141 2
153 150 2
153 175 8
153 180 1
153 187 1
154 87 1
154 136 4
154 137 5
154 138 1
154 174 4
154 175 1
155 42 1
155 170 4
155 202 1
155 206 2
155 211 1
155 228 1
155 230 2
155 231 2
155 232 2
155 235 1
155 263 1
156 32 1
156 44 1
156 115 1
156 119 1
156 140 1
156 143 2
156 151 1
156 152 1
156 157 3
156 158 8
156 159 12
156 161 1
156 205 1
156 207 1
156 221 1
156 222 2
156 227 2
156 237 1
156 245 1
156 246 1
156 249 1
157 129 1
157 139 1
157 142 3
157 152 2
157 156 1
157 158 6
157 159 7
157 203 1
157 207 1
157 218 1
157 220 1
157 221 1
157 222 1
157 227 1
157 239 1
157 242 1
157 261 1
158 116 2
158 117 2
158 118 1
158 142 2
158 143 2
158 147 2
158 151 1
158 152 1
158 156 1
158 159 9
158 160 12
158 161 9
158 183 1
158 201 2
158 202 3
158 203 9
158 204 9
158 205 8
158 206 1
158 207 4
158 208 3
158 209 4
158 217 1
158 219 1
158 221 1
158 222 5
158 227 3
158 228 6
158 236 1
158 237 3
158 238 5
158 239 4
158 241 4
158 245 7
158 246 6
158 247 3
159 49 1
159 50 1
159 116 1
159 117 3
159 124 1
159 135 1
159 142 2
159 143 5
159 151 2
159 152 2
159 156 3
159 157 2
159 158 7
159 160 9
159 161 6
159 184 2
159 188 1
159 201 2
159 202 4
159 203 3
159 204 6
159 205 5
159 206 4
159 207 6
159 208 15
159 209 3
159 212 1
159 213 1
159 218 1
159 219 2
159 221 1
159 222 1
159 223 1
159 228 8
159 237 2
159 238 4
159 239 3
159 241 6
159 245 5
159 246 8
160 21 1
160 23 1
160 44 3
160 49 1
160 99 2
160 120 1
160 139 2
160 140 1
160 142 6
160 143 4
160 151 2
160 152 1
160 155 4
160 156 6
160 157 14
160 158 5
160 159 5
160 160 1
160 161 3
160 192 2
160 193 2
160 195 3
160 205 1
160 208 1
160 212 3
160 213 2
160 214 6
160 217 2
160 218 1
160 219 1
160 251 2
160 253 2
160 254 1
160 258 1
161 34 2
161 42 2
161 44 3
161 49 1
161 112 1
161 115 1
161 117 1
161 142 5
161 143 4
161 146 1
161 151 1
161 152 1
161 155 8
161 156 7
161 157 9
161 158 7
161 159 5
161 160 5
161 202 1
161 204 1
161 205 2
161 207 1
161 212 3
161 213 5
161 214 5
161 217 1
161 250 1
161 251 1
161 253 3
161 254 2
161 258 2
162 74 1
162 75 1
162 87 1
162 162 1
163 74 2
163 76 2
163 87 1
163 157 1
163 167 1
164 77 3
164 87 1
164 162 5
164 168 3
165 68 1
165 78 3
165 163 9
165 169 1
166 65 1
166 79 1
166 81 2
166 122 1
166 138 1
166 152 1
166 162 5
166 168 2
166 169 3
166 171 2
166 172 2
166 177 1
167 62 3
167 70 1
167 80 1
167 82 4
167 87 1
167 104 1
167 141 3
167 163 4
167 168 1
167 169 2
167 171 1
167 173 1
167 176 1
168 72 1
168 80 2
168 163 1
168 171 1
169 79 3
169 169 3
169 181 3
170 122 1
170 123 1
170 170 1
170 185 1
170 186 1
171 87 1
171 99 1
171 123 1
171 170 1
171 172 1
171 173 1
171 186 1
171 187 1
172 65 2
172 78 2
172 80 1
172 147 1
172 152 1
172 171 1
172 176 1
172 177 9
172 180 1
173 172 1
173 176 9
173 177 1
174 27 1
174 48 1
174 72 1
174 79 1
174 80 1
174 99 1
174 123 1
174 137 1
174 147 14
174 148 15
174 149 1
174 154 1
174 173 4
174 175 5
174 176 2
174 177 2
174 178 1
174 180 2
174 186 1
174 192 2
175 72 1
175 79 1
175 99 1
175 126 1
175 137 1
175 147 6
175 148 10
175 150 1
175 172 3
175 174 5
175 176 4
175 186 1
175 199 1
176 62 1
176 63 1
176 70 1
176 76 2
176 80 1
176 152 1
176 173 10
176 175 1
176 177 1
176 200 2
177 64 1
177 75 2
177 78 1
177 79 1
177 148 1
177 159 1
177 166 3
177 172 20
177 177 2
177 190 1
177 199 2
178 133 3
178 147 3
178 148 1
178 174 3
178 176 3
178 179 1
178 186 5
178 187 1
178 200 3
179 132 7
179 147 3
179 148 2
179 172 1
179 175 3
179 177 2
179 178 1
179 181 2
179 185 4
179 188 2
179 191 1
179 199 3
180 27 1
180 80 2
180 130 1
180 131 1
180 134 1
180 155 1
180 159 1
180 172 1
180 175 1
181 65 1
181 126 5
181 129 1
181 169 2
181 174 2
181 175 1
181 180 1
181 185 1
183 125 1
185 99 2
185 135 1
185 147 6
185 148 10
185 149 2
185 150 1
185 151 1
185 152 1
185 170 1
185 171 1
185 174 2
185 175 1
185 179 1
185 186 1
185 188 6
185 193 1
186 2 1
186 6 1
186 28 1
186 29 2
186 98 1
186 99 3
186 122 1
186 147 4
186 148 3
186 150 2
186 152 1
186 170 3
186 175 1
186 178 1
186 185 4
186 187 5
187 28 1
187 59 1
187 66 1
187 123 1
187 147 10
187 148 19
187 171 1
187 173 2
187 178 5
187 186 9
187 188 1
187 198 1
188 65 1
188 129 1
188 147 15
188 148 11
188 149 1
188 152 1
188 159 1
188 170 1
188 172 2
188 185 3
188 187 1
188 248 1
189 29 1
189 87 1
189 97 1
189 135 4
189 170 3
189 185 1
189 191 2
189 197 1
189 199 2
190 28 3
190 134 6
190 158 1
190 170 10
190 178 1
190 189 1
190 198 2
190 200 1
191 30 2
191 85 1
191 110 1
191 113 1
191 114 1
191 132 5
191 140 1
191 157 1
191 171 10
191 177 1
191 189 1
192 23 2
192 31 4
192 66 3
192 112 2
192 127 2
192 133 7
192 148 1
192 171 4
192 174 1
192 175 2
192 190 2
195 114 1
195 190 1
197 29 2
197 111 1
197 174 2
197 189 1
198 36 1
198 63 1
198 82 1
198 158 1
198 190 1
199 47 1
199 59 1
200 174 1
201 43 1
201 211 1
201 230 9
201 259 8
201 260 3
202 203 1
202 211 1
202 219 1
202 230 5
202 260 16
202 261 6
203 204 2
203 213 2
203 221 2
203 231 2
203 261 25
203 262 7
204 212 1
204 231 3
204 262 8
204 263 14
205 204 1
205 214 1
205 263 1
205 264 17
206 262 4
206 263 3
206 264 3
209 44 1
209 208 1
209 217 1
209 228 1
209 235 2
209 246 1
209 247 1
210 119 1
210 209 1
210 235 2
211 43 1
211 155 1
211 201 11
211 202 2
211 218 11
211 219 3
211 230 24
211 259 10
211 260 17
211 261 2
212 202 2
212 203 11
212 204 1
212 220 3
212 221 2
212 230 2
212 231 10
212 261 26
212 262 12
213 204 4
213 205 1
213 221 2
213 222 1
213 231 3
213 232 13
213 262 7
213 263 22
213 264 4
214 205 3
214 223 1
214 232 7
214 264 12
218 201 4
218 211 2
218 230 1
218 259 2
219 155 1
219 211 2
219 230 4
219 260 14
220 203 3
220 230 2
220 261 14
221 231 3
221 262 14
222 45 1
222 204 1
222 222 1
222 232 1
222 263 9
223 205 1
223 214 1
223 232 3
223 264 11
228 235 2
228 271 1
229 235 2
230 202 2
230 260 1
231 203 2
231 261 1
231 262 1
232 205 1
236 202 1
236 230 8
236 259 3
237 158 1
237 230 13
237 236 1
237 238 1
237 248 1
237 249 1
237 259 1
237 260 15
238 230 13
238 231 9
238 239 2
238 249 1
238 250 3
238 260 2
238 261 8
239 142 1
239 152 1
239 159 1
239 231 16
239 250 8
239 251 1
239 262 8
241 159 1
241 232 18
241 251 1
241 252 7
241 263 2
241 264 6
242 232 3
242 253 1
242 264 2
242 265 13
243 253 1
243 265 3
245 227 1
246 119 2
246 235 12
246 257 3
246 269 3
246 270 4
247 56 1
247 116 2
247 158 2
247 160 2
247 161 4
247 208 6
247 209 12
247 217 7
247 228 4
247 235 2
247 246 3
247 258 3
247 270 5
247 271 11
248 103 2
248 129 2
248 132 10
248 133 3
248 149 5
248 153 4
248 182 1
248 191 1
248 230 1
248 236 5
248 237 1
248 238 1
248 239 1
248 249 1
248 259 3
248 260 1
249 151 1
249 230 18
249 231 1
249 237 3
249 238 5
249 260 8
249 261 4
250 231 31
250 239 10
250 261 2
250 262 5
251 120 1
251 231 6
251 232 12
251 239 1
251 252 2
251 262 1
251 263 2
252 232 27
252 241 2
252 264 9
253 44 1
253 119 1
253 242 3
253 243 2
253 254 1
253 264 1
253 265 18
257 141 1
257 235 10
257 246 2
257 269 5
257 270 4
258 145 1
258 146 2
258 161 1
258 235 9
258 247 3
258 270 2
258 271 9
259 230 1
259 236 6
259 248 4
260 151 1
260 218 1
260 230 1
260 237 9
260 249 3
261 230 5
261 238 4
261 249 2
261 250 1
262 239 1
262 250 2
263 159 1
263 232 1
263 241 1
263 248 1
263 251 2
264 119 1
264 158 1
264 232 5
264 241 3
264 252 1
265 242 1
269 141 1
269 159 2
269 235 1
269 246 2
269 257 1
270 235 1
270 246 2
270 247 11
270 258 1
271 145 1
271 159 1
271 161 1
271 235 2
271 247 9
271 270 1
271 271 1
