0 11 7
2 18 7
2 101 19
3 19 6
3 102 11
4 8 6
4 10 5
4 14 5
4 97 16
5 15 13
5 98 13
6 128 7
7 94 16
7 129 5
8 12 12
8 97 9
9 90 6
9 98 7
10 16 8
10 17 7
10 91 17
10 92 15
10 128 10
10 129 9
11 91 6
11 92 22
11 129 17
12 95 9
12 97 21
12 147 23
12 191 6
13 90 6
13 96 7
13 98 12
13 125 11
13 148 24
14 91 11
15 92 15
16 17 8
16 91 16
16 128 9
17 16 9
17 91 6
17 92 11
17 129 8
18 128 7
19 94 25
20 12 5
20 128 7
20 143 15
20 147 5
20 156 9
20 158 12
21 23 6
21 94 13
21 127 5
21 142 14
21 152 5
21 157 6
21 159 9
22 11 6
22 128 14
22 143 8
22 156 5
22 158 6
23 27 6
23 94 11
23 129 15
23 142 16
23 157 5
23 159 5
24 123 14
24 125 7
24 148 15
25 122 13
25 124 5
25 147 11
25 151 6
26 95 11
26 103 5
26 126 5
26 147 10
26 151 6
27 89 6
27 96 9
27 125 5
27 127 6
27 148 9
27 163 7
29 135 5
30 191 5
31 133 6
31 192 10
33 156 9
33 157 5
34 24 5
34 147 5
34 157 6
35 142 9
35 143 12
35 158 12
35 159 13
36 107 9
36 160 6
37 108 9
37 161 7
38 156 10
38 157 5
38 160 8
38 161 10
39 49 7
39 136 11
42 142 5
42 143 12
42 157 7
42 158 14
42 159 18
43 42 8
43 142 10
43 156 5
43 157 5
43 158 12
44 34 5
44 151 9
44 152 10
47 71 5
47 124 6
47 125 6
48 124 9
48 158 5
48 175 6
49 44 18
49 136 5
50 44 22
50 136 8
51 52 8
51 53 5
51 54 7
51 120 6
52 51 9
52 54 7
52 120 7
53 158 12
53 159 13
53 160 18
54 158 12
54 159 10
54 160 9
54 161 7
55 44 6
56 44 12
56 161 13
56 209 13
57 77 10
57 162 16
57 168 6
58 78 11
58 163 19
58 168 7
58 169 5
59 47 7
59 73 9
59 75 6
59 87 9
59 169 5
60 74 5
60 76 11
60 87 7
61 81 10
61 162 18
61 166 6
62 82 8
62 163 14
62 167 9
62 169 5
62 171 5
63 73 8
63 77 6
63 88 6
63 130 7
63 152 8
63 176 9
63 181 6
64 72 7
64 74 9
64 78 7
64 89 7
64 130 8
64 131 9
64 151 6
65 75 5
65 130 6
65 172 6
66 72 8
66 76 6
66 151 7
67 122 5
67 152 5
67 176 7
68 177 5
68 185 5
69 122 5
69 152 9
69 172 6
69 188 5
70 123 5
70 151 10
70 173 11
71 65 6
71 122 13
71 152 26
71 172 10
71 185 6
71 186 7
72 64 7
72 66 11
72 123 13
72 151 24
72 173 15
72 187 5
73 173 5
73 195 5
76 176 5
78 163 11
78 177 12
79 172 7
79 175 5
79 176 8
80 172 5
80 177 7
81 162 5
81 172 14
82 163 9
82 173 17
83 0 8
83 15 9
84 14 8
84 25 5
85 110 5
86 94 7
87 73 6
87 76 6
87 97 6
87 98 5
87 122 7
87 123 8
87 147 13
87 148 14
87 162 6
87 163 6
87 171 8
88 26 12
88 181 5
89 23 5
89 27 7
90 27 5
90 44 6
90 97 8
90 98 9
90 147 5
91 97 21
91 122 6
91 147 11
92 98 17
92 123 12
92 148 11
94 23 6
94 129 19
95 122 24
95 147 11
95 151 8
95 158 6
96 123 16
96 148 12
96 152 6
97 128 6
97 129 24
97 147 10
97 149 12
97 152 13
97 189 12
97 191 10
98 94 5
98 128 15
98 148 11
98 150 13
98 151 6
98 190 7
99 122 5
99 123 11
99 137 8
99 149 6
99 150 6
99 151 11
99 152 9
99 175 9
101 18 6
102 19 5
102 94 10
103 140 10
103 156 5
103 157 7
104 139 8
104 150 6
104 157 8
104 159 6
105 36 5
105 114 7
105 140 5
105 156 19
106 150 5
106 157 20
108 118 5
110 111 9
111 157 5
113 90 5
113 114 5
114 34 5
114 156 9
114 157 9
114 161 7
115 157 7
115 161 6
116 142 5
116 158 9
116 159 6
117 158 5
117 159 10
118 119 7
118 139 5
118 140 5
119 145 5
119 158 5
120 139 5
121 114 5
122 152 9
123 24 5
123 148 5
124 90 5
124 97 9
124 151 5
125 98 5
126 175 8
126 176 7
127 174 6
127 177 8
128 123 7
128 133 5
128 150 28
128 156 7
128 186 6
129 122 6
129 149 24
129 157 5
129 185 6
129 187 6
130 158 10
130 159 10
130 185 5
131 158 7
131 159 8
131 185 5
132 149 6
132 150 7
132 158 7
133 149 6
133 150 11
133 159 9
134 150 15
134 154 5
134 158 24
134 186 8
135 149 5
135 159 18
135 185 9
138 124 9
138 125 6
138 153 7
138 154 6
138 159 6
139 157 5
140 156 7
140 161 6
141 129 5
141 136 7
141 137 6
142 158 23
142 159 24
142 203 5
143 158 25
143 159 36
143 183 6
147 148 13
147 172 24
147 173 13
147 174 15
147 175 11
147 176 20
147 177 19
147 185 13
147 186 22
147 187 11
147 188 20
148 147 19
148 172 24
148 173 18
148 174 7
148 175 15
148 176 16
148 177 28
148 185 18
148 186 11
148 187 26
148 188 13
148 199 7
149 122 8
149 129 13
149 134 7
149 174 5
149 175 10
149 186 10
149 187 7
150 128 8
150 134 6
150 135 6
150 157 5
150 158 8
150 174 6
150 175 6
150 185 6
150 186 9
151 158 11
151 159 7
151 182 10
151 183 8
151 184 6
151 201 6
151 203 5
151 236 7
152 158 8
152 159 19
152 183 5
152 184 5
153 136 6
153 137 7
153 175 8
154 137 5
156 158 8
156 159 12
157 158 6
157 159 7
158 159 9
158 160 12
158 161 9
158 203 9
158 204 9
158 205 8
158 222 5
158 228 6
158 238 5
158 245 7
158 246 6
159 143 5
159 158 7
159 160 9
159 161 6
159 204 6
159 205 5
159 207 6
159 208 15
159 228 8
159 241 6
159 245 5
159 246 8
160 142 6
160 156 6
160 157 14
160 158 5
160 159 5
160 214 6
161 142 5
161 155 8
161 156 7
161 157 9
161 158 7
161 159 5
161 160 5
161 213 5
161 214 5
164 162 5
165 163 9
166 162 5
172 177 9
173 176 9
174 147 14
174 148 15
174 175 5
175 147 6
175 148 10
175 174 5
176 173 10
177 172 20
178 186 5
179 132 7
181 126 5
185 147 6
185 148 10
185 188 6
186 187 5
187 147 10
187 148 19
187 178 5
187 186 9
188 147 15
188 148 11
190 134 6
190 170 10
191 132 5
191 171 10
192 133 7
201 230 9
201 259 8
202 230 5
202 260 16
202 261 6
203 261 25
203 262 7
204 262 8
204 263 14
205 264 17
211 201 11
211 218 11
211 230 24
211 259 10
211 260 17
212 203 11
212 231 10
212 261 26
212 262 12
213 232 13
213 262 7
213 263 22
214 232 7
214 264 12
219 260 14
220 261 14
221 262 14
222 263 9
223 264 11
236 230 8
237 230 13
237 260 15
238 230 13
238 231 9
238 261 8
239 231 16
239 250 8
239 262 8
241 232 18
241 252 7
241 264 6
242 265 13
246 235 12
247 208 6
247 209 12
247 217 7
247 270 5
247 271 11
248 132 10
248 149 5
248 236 5
249 230 18
249 238 5
249 260 8
250 231 31
250 239 10
250 262 5
251 231 6
251 232 12
252 232 27
252 264 9
253 265 18
257 235 10
257 269 5
258 235 9
258 271 9
259 236 6
260 237 9
261 230 5
264 232 5
270 247 11
271 247 9
