0 5 2
0 6 3
0 11 8
0 12 1
0 16 3
0 17 4
0 18 3
0 66 1
0 91 3
0 92 2
0 93 2
0 97 1
0 122 1
0 128 3
0 134 2
0 147 3
0 153 1
1 5 1
1 7 3
1 10 2
1 11 2
1 16 2
1 17 5
1 21 2
1 23 1
1 66 1
1 93 1
1 94 4
1 129 3
2 18 12
2 19 1
2 63 1
2 100 3
2 101 34
3 19 12
3 102 19
4 6 1
4 8 9
4 10 7
4 14 7
4 20 2
4 91 3
4 97 23
4 103 2
5 0 2
5 7 1
5 9 3
5 11 5
5 13 9
5 15 23
5 90 2
5 92 8
5 94 3
5 96 1
5 98 25
5 106 5
5 125 6
6 18 2
6 84 2
6 93 46
6 128 17
7 11 3
7 92 1
7 94 51
7 129 20
8 4 2
8 10 1
8 12 25
8 16 1
8 20 2
8 91 1
8 93 4
8 97 15
8 113 2
8 124 2
8 129 1
8 147 10
8 156 2
8 189 2
8 191 3
9 7 1
9 11 1
9 13 7
9 21 2
9 70 1
9 76 1
9 86 1
9 90 7
9 92 1
9 98 8
9 106 1
9 148 3
9 157 2
10 2 1
10 8 1
10 11 2
10 13 1
10 15 3
10 16 16
10 17 11
10 60 1
10 72 1
10 90 1
10 91 32
10 92 21
10 93 6
10 97 1
10 128 16
10 129 13
10 148 2
11 5 1
11 10 3
11 14 2
11 15 3
11 16 1
11 17 1
11 18 1
11 21 2
11 22 4
11 23 1
11 91 9
11 92 38
11 93 8
11 94 4
11 97 1
11 128 4
11 129 32
12 8 2
12 14 1
12 17 2
12 22 1
12 26 1
12 90 4
12 93 2
12 95 12
12 97 39
12 103 2
12 122 4
12 124 4
12 125 1
12 128 2
12 129 1
12 147 46
12 178 1
12 187 1
12 189 1
12 191 9
13 5 1
13 9 4
13 13 1
13 15 1
13 17 1
13 21 6
13 24 6
13 27 10
13 70 2
13 76 1
13 87 2
13 90 7
13 92 2
13 96 9
13 98 37
13 104 4
13 112 1
13 115 1
13 125 24
13 148 61
13 190 2
13 192 19
14 8 4
14 10 1
14 11 1
14 14 1
14 84 3
14 91 25
14 128 1
15 10 1
15 11 4
15 14 1
15 92 29
16 0 1
16 7 1
16 11 1
16 14 2
16 17 11
16 91 22
16 93 2
16 94 4
16 97 1
16 128 12
16 129 2
16 147 6
16 158 1
16 187 1
17 0 2
17 1 2
17 7 3
17 10 8
17 11 5
17 13 1
17 16 17
17 21 1
17 59 2
17 91 12
17 92 22
17 93 1
17 94 8
17 128 3
17 129 18
17 147 3
17 178 3
18 2 1
18 11 4
18 85 5
18 93 29
18 128 9
19 5 2
19 7 1
19 11 1
19 23 3
19 66 2
19 86 5
19 93 1
19 94 35
19 100 1
19 106 1
19 129 2
20 12 6
20 18 1
20 22 6
20 26 2
20 90 4
20 93 24
20 97 3
20 103 2
20 110 2
20 113 2
20 128 13
20 142 7
20 143 20
20 147 9
20 149 4
20 156 14
20 158 15
20 159 1
20 162 4
21 5 1
21 8 1
21 13 3
21 21 2
21 23 13
21 94 28
21 104 5
21 112 1
21 115 1
21 127 6
21 129 7
21 142 27
21 143 2
21 148 3
21 152 7
21 157 6
21 159 10
21 160 3
21 192 7
22 4 1
22 6 2
22 8 3
22 10 1
22 11 12
22 16 2
22 20 6
22 75 2
22 90 1
22 93 19
22 100 5
22 103 1
22 124 1
22 128 26
22 139 3
22 140 9
22 142 4
22 143 15
22 147 1
22 156 12
22 158 9
22 159 5
22 162 3
22 191 5
23 11 2
23 17 7
23 21 4
23 23 3
23 27 8
23 66 1
23 72 1
23 76 1
23 89 6
23 94 22
23 104 1
23 106 2
23 129 27
23 130 1
23 131 5
23 139 2
23 140 3
23 142 26
23 143 3
23 156 3
23 157 7
23 159 8
23 160 3
23 163 2
23 192 5
23 195 2
24 13 1
24 25 1
24 27 1
24 66 2
24 83 1
24 96 2
24 98 2
24 123 19
24 124 3
24 125 7
24 128 2
24 148 18
24 151 2
24 152 7
24 155 3
24 159 3
24 163 1
24 167 1
24 179 2
25 24 3
25 34 3
25 75 2
25 91 3
25 122 22
25 123 1
25 124 10
25 147 18
25 151 8
25 158 4
25 187 1
26 0 1
26 12 1
26 20 1
26 25 2
26 26 3
26 59 1
26 63 1
26 75 2
26 77 2
26 85 2
26 90 1
26 95 14
26 97 1
26 103 6
26 124 6
26 126 5
26 130 8
26 140 4
26 143 1
26 147 15
26 151 9
26 155 1
26 156 4
26 158 1
27 9 2
27 13 4
27 23 3
27 37 1
27 64 1
27 76 2
27 86 3
27 89 8
27 90 4
27 96 21
27 104 1
27 106 3
27 125 7
27 127 6
27 131 3
27 148 20
27 152 2
27 156 2
27 157 3
27 159 2
27 163 10
27 172 2
27 175 8
27 192 7
27 197 2
27 200 4
28 126 1
28 134 8
28 147 1
28 173 1
28 180 1
28 187 1
28 190 7
28 198 1
29 48 1
29 135 6
29 149 5
29 158 6
29 186 1
29 187 2
29 189 4
30 132 5
30 191 10
30 199 10
31 133 8
31 134 1
31 176 1
31 187 2
31 192 10
31 200 10
32 36 1
32 42 2
32 44 1
32 99 8
32 109 1
32 129 2
32 131 3
32 133 2
32 142 3
32 151 1
32 153 3
32 156 1
32 157 2
32 158 6
32 159 8
32 160 1
32 163 1
32 190 11
32 195 1
32 198 2
33 22 1
33 32 4
33 36 1
33 44 10
33 128 8
33 130 1
33 131 3
33 156 23
33 157 19
33 158 8
33 180 15
33 181 7
33 197 2
34 24 8
34 25 5
34 26 5
34 44 6
34 90 1
34 114 3
34 115 1
34 124 1
34 139 3
34 142 3
34 143 2
34 147 8
34 148 4
34 156 7
34 157 12
34 158 4
34 159 6
34 160 1
34 161 4
35 53 2
35 112 1
35 115 1
35 117 3
35 118 2
35 120 1
35 140 1
35 142 15
35 143 20
35 158 23
35 159 26
35 160 1
35 161 1
35 208 1
35 217 2
35 228 2
36 32 2
36 36 1
36 63 2
36 65 3
36 85 1
36 105 2
36 107 15
36 126 3
36 130 2
36 131 3
36 143 3
36 151 3
36 160 11
36 161 4
36 173 1
36 190 2
37 64 1
37 66 3
37 89 1
37 108 14
37 161 10
37 172 1
37 185 1
37 197 1
38 48 4
38 107 3
38 108 5
38 109 6
38 112 3
38 118 4
38 119 3
38 136 1
38 140 1
38 142 1
38 143 1
38 155 2
38 156 13
38 157 9
38 160 10
38 161 17
38 195 4
38 201 2
38 237 1
38 250 1
39 38 2
39 39 6
39 44 3
39 49 10
39 50 7
39 109 3
39 136 15
39 160 1
39 161 2
40 44 9
40 49 16
40 50 19
40 143 5
40 158 4
40 159 5
40 244 6
41 44 19
41 49 18
41 50 10
41 142 8
41 143 5
41 158 3
41 159 5
42 43 2
42 44 1
42 47 22
42 48 3
42 99 1
42 128 3
42 129 3
42 142 30
42 143 34
42 156 22
42 157 22
42 158 33
42 159 48
42 161 6
42 230 6
42 236 5
43 42 14
43 44 6
43 48 6
43 103 1
43 104 1
43 139 2
43 140 2
43 142 25
43 143 8
43 151 21
43 152 7
43 156 30
43 157 11
43 158 23
43 159 10
43 160 2
43 248 1
44 26 1
44 34 6
44 49 2
44 67 3
44 90 4
44 95 4
44 96 8
44 97 5
44 98 3
44 109 2
44 115 3
44 133 5
44 134 3
44 135 1
44 143 2
44 147 3
44 148 4
44 150 5
44 151 19
44 152 17
44 156 1
44 157 1
44 158 6
44 159 2
44 160 4
44 161 1
44 182 2
44 187 1
44 189 6
44 190 6
44 191 5
44 192 6
44 202 1
44 212 2
44 213 3
44 214 1
44 217 1
44 237 2
44 241 1
44 243 1
44 247 1
44 248 1
44 254 1
44 258 2
45 46 10
45 110 1
45 114 1
45 120 8
45 142 1
45 143 1
45 158 13
45 159 29
45 160 13
45 161 36
45 234 3
45 268 3
46 44 5
46 45 2
46 109 4
46 142 1
46 158 9
46 159 30
46 160 29
46 161 29
46 244 2
46 247 3
46 252 2
46 253 4
47 36 1
47 42 4
47 47 2
47 48 5
47 59 5
47 63 1
47 65 1
47 71 6
47 79 3
47 87 3
47 88 2
47 103 1
47 105 1
47 107 1
47 112 2
47 124 18
47 125 15
47 126 7
47 133 1
47 142 2
47 144 1
47 147 2
47 151 3
47 158 7
47 159 9
47 169 1
47 174 11
47 178 2
47 179 2
47 180 1
47 181 2
47 190 1
47 191 2
47 194 2
47 198 2
47 248 2
48 1 1
48 27 2
48 29 1
48 42 1
48 43 4
48 47 3
48 60 1
48 64 5
48 66 1
48 72 3
48 80 1
48 89 1
48 104 1
48 124 12
48 125 11
48 127 5
48 140 1
48 143 5
48 148 1
48 152 4
48 158 9
48 159 4
48 174 1
48 175 6
48 188 1
49 39 3
49 44 7
49 50 4
49 109 2
49 136 5
50 39 1
50 44 1
50 136 16
50 160 1
50 161 1
50 249 1
51 44 2
51 52 13
51 53 7
51 54 10
51 101 3
51 110 4
51 112 4
51 113 1
51 120 11
51 143 2
51 208 3
52 44 6
52 51 11
52 53 3
52 54 8
52 101 4
52 102 1
52 113 1
52 114 3
52 120 9
52 141 2
52 143 2
52 208 2
53 54 4
53 118 1
53 120 1
53 142 6
53 143 1
53 158 48
53 159 33
53 160 71
53 208 1
53 228 1
53 247 5
54 53 3
54 55 1
54 56 3
54 142 7
54 143 5
54 158 35
54 159 38
54 160 39
54 161 21
54 247 1
55 44 12
55 52 1
55 56 2
55 102 2
55 113 1
55 116 2
55 158 5
55 160 7
55 209 1
55 247 6
56 44 22
56 52 2
56 55 4
56 102 4
56 113 2
56 117 6
56 161 25
56 209 23
56 247 8
57 57 2
57 73 2
57 77 17
57 87 2
57 95 2
57 122 1
57 157 2
57 162 28
57 164 8
57 168 11
57 169 8
57 170 2
57 171 1
57 180 1
58 64 2
58 74 2
58 78 28
58 130 1
58 131 2
58 162 1
58 163 43
58 165 5
58 168 12
58 169 11
58 170 3
58 171 5
59 26 3
59 47 6
59 73 20
59 75 19
59 79 6
59 87 25
59 130 1
59 151 2
59 166 2
59 169 10
59 171 5
59 175 3
60 27 1
60 48 5
60 72 5
60 74 10
60 76 26
60 80 2
60 87 19
60 89 3
60 127 1
60 152 2
60 165 2
60 167 1
60 168 5
60 171 2
60 174 3
61 25 1
61 59 1
61 75 6
61 81 27
61 87 5
61 138 1
61 147 4
61 162 36
61 166 7
61 168 7
61 169 6
61 171 2
62 23 1
62 27 1
62 76 9
62 82 29
62 87 5
62 148 2
62 158 1
62 163 43
62 167 16
62 168 8
62 169 17
62 170 2
62 171 15
62 198 1
63 14 2
63 36 2
63 57 1
63 64 1
63 67 7
63 71 8
63 73 27
63 77 18
63 83 2
63 87 1
63 88 11
63 99 3
63 122 3
63 126 6
63 130 11
63 131 8
63 152 13
63 162 8
63 164 8
63 172 2
63 176 13
63 180 1
63 181 8
63 190 5
63 194 2
63 198 4
64 27 2
64 64 6
64 68 3
64 72 13
64 74 20
64 78 15
64 80 1
64 87 4
64 89 14
64 106 2
64 108 5
64 123 3
64 127 1
64 130 13
64 131 19
64 151 9
64 165 3
64 175 1
64 177 3
64 180 7
64 181 1
64 189 1
64 196 1
65 26 2
65 69 5
65 71 4
65 75 19
65 81 9
65 109 3
65 122 3
65 126 2
65 130 20
65 131 17
65 147 1
65 152 5
65 162 4
65 166 6
65 172 7
65 177 8
65 180 10
65 181 5
65 188 1
65 191 1
65 199 6
66 7 2
66 23 3
66 62 3
66 64 1
66 70 2
66 72 14
66 76 11
66 82 8
66 130 13
66 131 12
66 147 1
66 148 1
66 151 13
66 163 3
66 167 3
66 173 4
66 178 2
66 181 15
66 186 2
66 192 2
66 200 7
67 71 3
67 73 2
67 77 3
67 97 1
67 122 8
67 151 1
67 152 9
67 173 15
67 176 18
67 185 2
67 186 3
68 16 1
68 27 1
68 64 3
68 74 1
68 78 5
68 123 1
68 151 5
68 152 2
68 156 1
68 170 7
68 172 9
68 177 12
68 185 11
68 188 3
69 26 2
69 65 3
69 71 9
69 75 9
69 81 1
69 87 2
69 99 1
69 103 1
69 122 9
69 140 1
69 143 2
69 147 2
69 152 23
69 155 4
69 157 1
69 172 23
69 177 17
69 188 13
69 195 1
69 196 4
70 66 1
70 82 3
70 104 1
70 123 19
70 144 5
70 148 2
70 151 26
70 156 5
70 158 2
70 173 32
70 174 2
70 176 19
70 187 11
70 190 1
70 194 4
70 195 5
71 47 5
71 63 5
71 65 14
71 67 2
71 69 1
71 71 4
71 81 3
71 122 24
71 152 53
71 168 5
71 172 22
71 174 6
71 176 3
71 185 8
71 186 9
71 188 10
72 48 2
72 60 1
72 64 4
72 66 16
72 72 4
72 74 1
72 78 1
72 82 2
72 99 2
72 123 21
72 151 39
72 169 3
72 170 1
72 173 26
72 174 9
72 175 2
72 177 6
72 185 3
72 186 1
72 187 11
72 188 4
73 63 3
73 67 3
73 87 3
73 131 6
73 168 2
73 170 1
73 172 1
73 173 10
73 180 1
73 195 10
74 78 1
74 87 2
74 130 2
74 131 2
74 169 1
74 172 11
74 181 3
74 196 6
75 59 1
75 130 4
75 143 1
75 158 1
75 177 14
75 180 2
75 193 13
75 199 9
76 82 2
76 87 18
76 131 3
76 163 18
76 169 2
76 176 18
76 181 1
76 194 18
77 57 1
77 162 11
77 164 10
77 168 1
77 173 3
77 176 3
78 58 5
78 68 2
78 72 1
78 78 1
78 80 2
78 109 5
78 163 28
78 165 8
78 172 11
78 177 32
79 47 3
79 59 1
79 71 1
79 88 1
79 126 1
79 152 5
79 166 4
79 169 4
79 172 20
79 175 9
79 176 22
79 177 5
80 27 1
80 72 1
80 151 2
80 152 5
80 168 5
80 172 8
80 173 12
80 174 11
80 175 4
80 176 8
80 177 17
80 180 3
81 69 4
81 75 2
81 79 3
81 81 5
81 144 1
81 162 13
81 166 4
81 172 30
81 177 3
81 180 1
82 62 2
82 72 1
82 76 5
82 80 4
82 163 16
82 167 4
82 173 40
82 176 5
83 0 11
83 7 1
83 10 1
83 15 10
83 24 5
83 94 1
83 96 2
83 122 2
83 123 3
83 134 3
83 153 1
83 155 2
83 176 3
84 6 1
84 10 1
84 11 3
84 14 9
84 15 3
84 16 2
84 25 9
84 26 2
84 27 2
84 63 2
84 83 1
84 84 1
84 93 2
84 95 1
84 96 2
84 122 8
84 128 2
84 155 2
85 2 2
85 6 8
85 18 7
85 26 1
85 36 1
85 63 3
85 93 11
85 101 1
85 105 2
85 110 5
85 111 4
85 112 2
85 113 1
85 126 3
85 139 1
85 142 1
85 155 2
85 191 4
86 3 4
86 7 6
86 13 2
86 19 4
86 27 5
86 66 1
86 74 1
86 86 1
86 94 10
86 100 2
86 106 3
86 108 2
86 110 3
86 111 4
86 113 2
86 119 1
86 127 4
86 140 1
86 143 2
86 159 1
86 175 1
87 13 3
87 24 2
87 25 5
87 59 2
87 60 3
87 61 4
87 62 5
87 63 6
87 65 3
87 66 6
87 70 4
87 73 11
87 74 7
87 75 13
87 76 7
87 91 3
87 92 4
87 96 2
87 97 12
87 98 19
87 122 18
87 123 15
87 147 34
87 148 36
87 162 18
87 163 7
87 167 1
87 169 6
87 171 10
88 26 26
88 63 2
88 67 1
88 71 1
88 79 10
88 88 1
88 103 3
88 109 1
88 130 1
88 131 1
88 156 1
88 173 2
88 181 5
88 190 3
88 198 2
88 199 2
89 23 2
89 27 16
89 48 1
89 60 3
89 64 1
89 66 4
89 72 1
89 74 2
89 78 2
89 80 5
89 104 5
89 127 8
89 130 1
89 131 1
89 142 1
89 157 1
89 174 1
89 175 1
89 189 4
89 192 1
89 194 2
89 196 2
89 197 3
89 200 3
90 9 1
90 12 1
90 13 4
90 15 1
90 20 1
90 21 1
90 25 1
90 26 9
90 27 6
90 34 2
90 44 9
90 86 1
90 95 7
90 97 12
90 98 15
90 104 1
90 114 2
90 115 1
90 124 2
90 125 4
90 126 1
90 127 1
90 147 11
90 148 4
90 151 4
91 4 14
91 11 1
91 14 2
91 16 5
91 17 3
91 87 1
91 90 1
91 97 67
91 122 42
91 128 3
91 147 51
92 5 1
92 7 2
92 9 1
92 10 2
92 11 4
92 13 1
92 15 1
92 25 1
92 83 1
92 91 7
92 98 70
92 123 60
92 148 50
92 179 1
93 2 4
93 6 1
93 10 5
93 11 10
93 12 2
93 16 1
93 17 6
93 18 9
93 20 1
93 22 1
93 85 6
93 90 2
93 97 4
93 101 1
93 103 1
93 105 10
93 126 2
93 128 35
94 1 2
94 5 4
94 7 5
94 11 5
94 16 6
94 17 6
94 19 1
94 23 10
94 94 1
94 98 2
94 104 4
94 106 10
94 129 33
95 12 1
95 25 3
95 26 1
95 44 2
95 91 1
95 97 2
95 122 35
95 129 1
95 143 2
95 147 21
95 151 9
95 158 11
96 24 1
96 27 5
96 83 1
96 84 1
96 92 1
96 98 2
96 123 31
96 148 22
96 152 13
96 159 3
97 10 4
97 12 1
97 14 1
97 17 2
97 44 1
97 67 3
97 93 12
97 124 4
97 128 10
97 129 53
97 131 11
97 137 4
97 147 29
97 149 35
97 151 3
97 152 26
97 187 3
97 189 24
97 191 21
97 249 1
98 5 1
98 11 2
98 13 1
98 17 2
98 44 3
98 94 5
98 128 50
98 129 3
98 148 25
98 150 34
98 151 28
98 152 1
98 186 4
98 190 17
98 192 10
98 198 1
99 63 4
99 64 1
99 65 7
99 66 4
99 68 1
99 70 5
99 72 5
99 99 3
99 122 8
99 123 18
99 136 6
99 137 13
99 144 9
99 149 10
99 150 15
99 151 17
99 152 18
99 171 3
99 172 1
99 173 1
99 174 10
99 175 16
99 185 1
99 186 6
99 187 1
99 188 1
100 3 4
100 45 75
100 46 75
100 143 1
100 148 2
100 151 8
100 152 4
100 175 3
101 2 3
101 4 1
101 18 12
101 93 10
101 113 1
101 114 1
101 126 1
101 208 1
101 235 1
102 2 1
102 5 4
102 11 2
102 19 6
102 86 2
102 93 1
102 94 12
102 106 4
102 111 1
102 127 1
102 138 1
102 141 1
102 144 2
102 157 1
102 230 1
102 235 2
102 259 1
103 22 2
103 26 2
103 93 2
103 103 6
103 114 1
103 128 2
103 129 2
103 130 3
103 131 1
103 140 11
103 142 1
103 143 2
103 149 9
103 151 3
103 156 5
103 157 21
103 158 3
103 159 7
103 162 4
103 166 1
103 188 3
104 21 2
104 27 2
104 68 2
104 106 1
104 109 6
104 128 1
104 129 3
104 139 13
104 142 2
104 143 3
104 150 15
104 151 1
104 156 8
104 157 15
104 159 8
104 163 9
104 179 5
104 187 1
105 36 5
105 113 1
105 114 8
105 140 8
105 149 7
105 156 26
105 157 1
106 9 2
106 21 6
106 23 1
106 27 3
106 66 2
106 97 1
106 105 1
106 110 1
106 115 6
106 139 2
106 140 2
106 148 1
106 150 10
106 156 1
106 157 35
106 160 1
106 161 1
106 163 2
107 36 1
107 47 6
107 103 2
107 105 2
107 112 2
107 118 2
107 119 4
107 126 3
107 132 3
107 140 2
107 164 3
108 32 2
108 37 4
108 48 4
108 66 1
108 112 2
108 118 11
108 119 5
108 139 5
108 157 1
108 158 7
108 160 3
108 165 3
109 33 5
109 37 2
109 39 1
109 44 2
109 50 1
109 66 2
109 78 5
109 81 9
109 82 9
109 104 1
109 109 1
109 136 1
109 139 11
109 140 5
109 156 17
109 157 17
109 160 4
109 162 16
109 163 19
109 164 3
109 182 2
109 205 1
109 209 2
109 212 2
109 213 3
109 214 1
109 217 2
109 250 2
109 254 1
110 50 1
110 85 1
110 101 1
110 102 1
110 105 1
110 106 1
110 111 12
110 112 4
110 113 1
110 118 1
110 120 5
110 121 1
110 139 2
110 144 5
110 156 4
110 157 1
110 191 1
110 227 1
110 248 2
110 249 2
111 21 1
111 45 1
111 85 1
111 93 1
111 101 2
111 110 7
111 112 3
111 113 3
111 115 1
111 120 1
111 126 1
111 139 5
111 140 1
111 156 6
111 157 6
111 158 1
111 161 1
111 172 1
111 237 1
111 269 1
112 9 3
112 13 5
112 21 1
112 90 2
112 102 3
112 106 1
112 108 1
112 110 1
112 111 5
112 113 1
112 114 1
112 115 2
112 139 4
112 140 1
112 142 1
112 150 1
112 156 2
112 157 1
112 159 1
112 182 1
112 190 4
112 192 4
112 230 1
112 259 1
113 8 1
113 19 1
113 23 3
113 34 1
113 44 1
113 90 8
113 110 2
113 111 2
113 112 1
113 114 9
113 120 1
113 124 1
113 140 5
113 143 1
113 156 3
113 157 1
113 158 1
113 189 3
113 191 1
114 34 8
114 45 1
114 90 1
114 103 1
114 113 3
114 124 3
114 143 3
114 156 13
114 157 12
114 158 4
114 159 3
114 160 3
114 161 9
115 13 2
115 21 2
115 27 1
115 34 5
115 102 1
115 112 3
115 120 1
115 125 2
115 138 3
115 139 2
115 144 4
115 148 2
115 150 1
115 156 8
115 157 11
115 158 1
115 159 5
115 160 6
115 161 13
115 231 1
116 53 2
116 118 1
116 139 4
116 140 1
116 142 27
116 143 6
116 145 1
116 158 27
116 159 23
117 35 7
117 109 2
117 118 1
117 140 4
117 142 5
117 143 14
117 145 3
117 146 2
117 158 13
117 159 31
117 161 9
117 229 2
118 35 5
118 45 3
118 107 5
118 108 2
118 115 1
118 116 3
118 119 9
118 120 2
118 139 6
118 140 8
118 141 6
118 142 7
118 143 6
118 144 1
118 145 4
118 146 1
118 157 2
118 158 6
118 160 5
118 230 5
118 247 1
118 270 1
119 26 2
119 35 4
119 36 2
119 46 5
119 63 2
119 88 2
119 107 1
119 109 1
119 119 1
119 139 1
119 140 1
119 141 3
119 142 1
119 143 2
119 144 3
119 145 9
119 146 2
119 151 5
119 157 1
119 158 5
119 161 2
119 213 1
119 231 1
119 240 1
119 246 1
119 261 3
119 262 6
119 264 1
119 265 1
119 270 1
119 271 1
120 51 3
120 102 2
120 110 3
120 118 2
120 119 4
120 120 2
120 138 2
120 139 7
120 140 3
120 141 2
120 142 1
120 143 3
120 151 2
120 152 1
120 156 5
120 157 3
120 158 3
120 159 3
120 160 1
120 161 2
120 208 1
120 241 1
121 55 2
121 114 10
121 138 5
121 144 21
121 208 10
121 210 2
121 235 10
121 271 1
122 25 3
122 65 5
122 67 3
122 95 9
122 99 5
122 124 1
122 129 8
122 138 1
122 143 4
122 147 6
122 149 1
122 151 9
122 152 14
122 157 1
122 158 5
122 175 1
122 188 6
123 24 8
123 70 2
123 72 1
123 83 1
123 87 2
123 96 2
123 98 2
123 99 1
123 125 5
123 128 3
123 148 8
123 151 6
123 152 4
123 156 2
123 159 6
123 170 1
123 177 1
123 185 2
123 187 2
123 188 2
124 12 1
124 22 2
124 25 3
124 26 6
124 28 6
124 44 1
124 75 2
124 87 2
124 90 8
124 97 10
124 98 2
124 114 2
124 122 3
124 126 6
124 129 4
124 137 17
124 151 7
124 152 1
124 181 23
125 15 1
125 24 2
125 27 3
125 29 3
125 44 4
125 70 2
125 76 2
125 90 5
125 98 5
125 123 2
125 128 2
125 136 21
125 137 5
125 138 2
125 141 5
125 142 1
125 148 3
125 152 4
125 180 17
126 20 1
126 22 1
126 26 3
126 63 1
126 85 3
126 103 4
126 105 1
126 111 1
126 114 1
126 129 2
126 132 1
126 151 2
126 155 2
126 157 3
126 158 3
126 173 1
126 174 2
126 175 16
126 176 15
126 180 1
126 181 4
126 185 1
126 186 2
126 191 2
126 194 1
126 195 4
126 196 4
126 197 2
126 198 2
126 199 4
127 21 1
127 27 3
127 29 4
127 37 1
127 48 2
127 60 2
127 72 1
127 86 2
127 90 1
127 104 2
127 125 2
127 132 3
127 135 1
127 139 4
127 142 2
127 152 6
127 156 2
127 157 3
127 158 1
127 172 1
127 174 20
127 175 7
127 177 23
127 192 1
127 193 2
127 197 1
127 200 2
128 20 1
128 21 3
128 42 1
128 98 7
128 105 1
128 123 16
128 125 5
128 128 2
128 132 6
128 133 10
128 134 3
128 135 1
128 149 1
128 150 56
128 151 1
128 154 6
128 156 21
128 158 5
128 186 16
128 188 4
128 196 2
128 198 2
128 200 2
129 17 1
129 23 1
129 34 1
129 44 1
129 92 1
129 94 1
129 95 1
129 122 11
129 124 1
129 131 1
129 132 2
129 133 2
129 135 1
129 147 2
129 149 47
129 150 5
129 151 4
129 153 1
129 157 13
129 159 2
129 185 17
129 187 7
129 193 1
129 194 1
129 197 1
129 248 3
130 23 2
130 63 1
130 65 2
130 75 1
130 89 2
130 103 1
130 104 7
130 131 2
130 134 2
130 149 1
130 150 8
130 154 2
130 158 15
130 159 18
130 179 4
130 185 11
130 186 8
130 188 1
130 189 5
130 190 1
131 63 1
131 64 1
131 89 2
131 97 6
131 104 2
131 126 1
131 128 2
131 129 2
131 130 3
131 137 1
131 149 10
131 150 1
131 153 1
131 158 15
131 159 13
131 178 1
131 185 9
131 186 9
131 187 6
131 188 3
131 190 3
131 248 7
132 72 4
132 124 1
132 128 1
132 149 11
132 150 16
132 154 1
132 158 17
132 177 1
132 179 1
132 182 2
132 196 1
133 31 1
133 71 3
133 126 1
133 128 1
133 129 1
133 149 14
133 150 23
133 153 5
133 154 1
133 158 1
133 159 26
133 182 2
133 187 5
133 190 2
133 192 1
134 72 1
134 128 1
134 149 5
134 150 33
134 154 11
134 158 56
134 182 1
134 186 18
134 187 1
134 190 2
135 1 1
135 29 1
135 77 12
135 129 1
135 135 1
135 148 1
135 149 12
135 150 7
135 156 1
135 159 39
135 162 12
135 171 1
135 185 17
135 189 1
136 38 2
136 44 1
136 49 2
136 50 1
136 132 1
136 133 3
136 149 3
136 150 2
136 151 4
136 152 2
136 153 2
136 156 2
136 174 1
136 178 5
136 194 2
136 200 2
136 248 3
137 39 2
137 101 1
137 107 3
137 114 1
137 124 1
137 126 2
137 132 2
137 136 3
137 149 5
137 150 3
137 153 2
137 174 1
137 175 2
137 181 1
137 186 3
137 188 1
137 189 3
137 197 3
138 46 1
138 122 2
138 123 6
138 124 16
138 125 13
138 128 3
138 129 3
138 136 2
138 141 1
138 153 14
138 154 9
138 156 1
138 158 14
138 159 16
138 166 1
138 179 2
138 267 2
139 21 1
139 83 1
139 99 1
139 106 1
139 112 3
139 119 4
139 140 1
139 142 1
139 151 1
139 156 5
139 157 6
139 159 1
139 160 5
139 161 1
139 182 1
140 36 3
140 38 1
140 43 2
140 102 1
140 111 1
140 139 1
140 142 1
140 143 7
140 152 3
140 155 2
140 156 10
140 157 2
140 158 4
140 159 5
140 160 5
140 161 7
140 183 3
141 87 2
141 99 1
141 124 1
141 125 6
141 128 5
141 129 10
141 136 7
141 137 8
141 138 3
141 144 3
141 153 3
141 154 7
141 171 4
142 116 2
142 138 2
142 139 1
142 143 5
142 151 5
142 158 37
142 159 37
142 160 1
142 182 5
142 183 2
142 184 5
142 201 4
142 202 2
142 203 9
142 204 3
142 205 1
142 208 2
142 221 2
142 227 1
142 228 4
142 236 2
142 238 3
142 240 1
142 245 2
142 247 1
143 35 3
143 100 1
143 116 3
143 138 4
143 140 1
143 142 3
143 152 2
143 156 1
143 158 41
143 159 52
143 161 2
143 182 1
143 183 5
143 184 1
143 201 5
143 202 5
143 203 3
143 204 2
143 205 3
143 206 1
143 208 1
143 209 1
143 211 1
143 214 1
143 227 2
143 228 3
143 237 1
143 238 2
143 240 3
143 246 1
144 99 1
144 115 2
144 121 1
144 137 2
144 138 2
144 145 1
144 150 2
144 151 3
144 182 9
144 183 9
144 184 6
144 230 4
144 235 1
144 270 3
145 139 1
145 141 1
145 146 1
145 160 1
145 161 1
145 270 1
146 117 1
146 141 2
146 143 2
146 144 1
146 159 1
146 161 1
146 247 1
147 25 2
147 26 2
147 34 4
147 63 1
147 90 3
147 97 1
147 122 2
147 132 1
147 148 23
147 149 2
147 150 2
147 158 2
147 172 48
147 173 35
147 174 26
147 175 17
147 176 48
147 177 48
147 178 8
147 179 12
147 185 22
147 186 33
147 187 14
147 188 32
147 190 7
147 197 3
147 200 2
148 13 2
148 65 1
148 66 1
148 80 2
148 96 2
148 123 1
148 133 1
148 147 38
148 148 3
148 159 2
148 172 48
148 173 53
148 174 9
148 175 35
148 176 57
148 177 47
148 178 3
148 179 3
148 185 32
148 186 26
148 187 43
148 188 26
148 190 2
148 192 2
148 198 4
148 199 7
149 122 9
149 128 1
149 129 22
149 131 1
149 132 1
149 133 4
149 134 10
149 135 10
149 137 1
149 147 3
149 149 11
149 150 2
149 152 5
149 153 2
149 154 2
149 156 9
149 157 11
149 158 5
149 159 2
149 174 9
149 175 21
149 185 11
149 186 14
149 187 11
149 248 8
150 99 2
150 104 9
150 123 4
150 128 15
150 134 11
150 135 8
150 136 1
150 139 4
150 149 4
150 153 1
150 154 7
150 156 9
150 157 12
150 158 9
150 174 15
150 175 12
150 185 9
150 186 14
150 187 2
150 188 3
150 248 2
151 36 1
151 126 2
151 141 1
151 142 5
151 158 17
151 159 3
151 160 1
151 161 2
151 182 18
151 183 16
151 184 12
151 201 11
151 202 5
151 203 6
151 204 1
151 213 1
151 214 1
151 218 3
151 220 2
151 236 12
151 238 1
151 239 1
151 260 1
151 261 1
152 27 1
152 63 1
152 71 1
152 98 1
152 127 1
152 142 4
152 143 4
152 150 1
152 151 3
152 158 14
152 159 33
152 182 1
152 183 12
152 184 11
152 201 11
152 202 7
152 203 3
152 213 1
152 218 6
152 219 4
152 220 1
152 236 5
152 237 4
152 238 1
152 239 2
153 24 1
153 99 1
153 123 1
153 135 1
153 136 9
153 137 14
153 138 1
153 141 3
153 150 2
153 175 13
153 180 2
153 187 1
154 87 1
154 136 7
154 137 9
154 138 2
154 174 6
154 175 1
155 42 1
155 170 5
155 202 1
155 206 2
155 211 1
155 228 1
155 230 3
155 231 2
155 232 2
155 263 1
155 271 2
156 32 1
156 44 2
156 115 3
156 119 3
156 140 1
156 143 3
156 144 1
156 151 1
156 152 1
156 157 6
156 158 9
156 159 14
156 161 2
156 205 1
156 207 1
156 221 1
156 222 2
156 227 2
156 237 3
156 245 1
156 246 1
156 249 3
157 129 1
157 139 2
157 142 4
157 152 2
157 156 2
157 158 10
157 159 14
157 203 3
157 207 1
157 218 2
157 220 3
157 221 1
157 222 2
157 227 1
157 239 2
157 242 1
157 261 2
158 116 6
158 117 2
158 118 1
158 142 3
158 143 2
158 147 3
158 151 1
158 152 2
158 156 2
158 159 12
158 160 21
158 161 16
158 183 2
158 201 6
158 202 10
158 203 12
158 204 12
158 205 14
158 206 1
158 207 4
158 208 5
158 209 3
158 215 2
158 217 2
158 219 2
158 221 2
158 222 6
158 224 6
158 225 6
158 227 5
158 228 8
158 236 2
158 237 8
158 238 6
158 239 7
158 240 7
158 241 8
158 242 7
158 243 7
158 244 7
158 245 9
158 246 6
158 247 5
159 49 3
159 50 3
159 116 4
159 117 16
159 124 1
159 135 6
159 142 3
159 143 6
159 151 2
159 152 3
159 156 3
159 157 4
159 158 7
159 160 20
159 161 20
159 184 2
159 188 1
159 201 2
159 202 9
159 203 8
159 204 9
159 205 9
159 206 4
159 207 6
159 208 20
159 209 3
159 212 2
159 213 2
159 215 2
159 218 2
159 219 3
159 221 2
159 222 1
159 223 2
159 224 6
159 225 10
159 226 10
159 228 10
159 237 5
159 238 6
159 239 6
159 240 2
159 241 9
159 242 7
159 243 7
159 244 7
159 245 4
159 246 13
160 21 2
160 23 2
160 44 4
160 49 1
160 99 2
160 120 2
160 139 3
160 140 2
160 142 7
160 143 11
160 151 2
160 152 7
160 155 12
160 156 7
160 157 27
160 158 5
160 159 7
160 160 1
160 161 10
160 192 3
160 193 2
160 195 7
160 205 1
160 208 2
160 212 4
160 213 2
160 214 6
160 215 2
160 217 5
160 218 1
160 219 1
160 251 3
160 253 2
160 254 1
160 255 1
160 258 1
161 34 2
161 42 2
161 44 3
161 45 2
161 46 1
161 49 1
161 109 1
161 112 1
161 115 1
161 117 1
161 142 16
161 143 6
161 144 1
161 146 1
161 151 6
161 152 6
161 155 19
161 156 21
161 157 14
161 158 10
161 159 5
161 160 5
161 196 10
161 202 1
161 204 1
161 205 2
161 207 1
161 212 4
161 213 6
161 214 6
161 215 3
161 217 1
161 250 1
161 251 1
161 253 4
161 254 1
161 255 2
161 258 3
162 12 3
162 24 7
162 71 4
162 74 2
162 75 1
162 87 2
162 162 3
163 13 1
163 25 2
163 74 3
163 76 2
163 80 1
163 87 1
163 89 1
163 157 2
163 167 1
164 77 4
164 87 3
164 162 12
164 168 8
165 68 1
165 78 3
165 163 16
165 169 1
166 65 1
166 79 3
166 81 6
166 122 1
166 138 1
166 152 1
166 162 15
166 168 8
166 169 3
166 171 10
166 172 7
166 177 1
167 62 3
167 70 1
167 80 2
167 82 9
167 87 1
167 104 1
167 141 3
167 163 13
167 168 1
167 169 4
167 171 2
167 173 1
167 176 1
168 72 1
168 80 2
168 163 1
168 171 1
169 79 4
169 169 5
169 181 3
170 122 1
170 123 1
170 170 1
170 185 1
170 186 4
171 87 2
171 99 1
171 123 2
171 170 1
171 172 1
171 173 1
171 186 1
171 187 1
172 65 2
172 78 2
172 80 9
172 147 1
172 152 1
172 171 2
172 176 1
172 177 22
172 180 1
173 172 1
173 176 26
173 177 3
174 27 1
174 48 3
174 72 3
174 79 1
174 80 1
174 99 1
174 123 1
174 137 1
174 147 20
174 148 22
174 149 3
174 154 1
174 173 7
174 175 8
174 176 2
174 177 3
174 178 1
174 180 3
174 186 1
174 192 2
174 196 3
175 72 2
175 79 2
175 99 1
175 126 1
175 137 1
175 147 14
175 148 21
175 150 1
175 172 6
175 174 11
175 176 9
175 186 1
175 199 1
176 62 1
176 63 2
176 70 1
176 76 3
176 80 2
176 152 2
176 173 41
176 175 2
176 177 1
176 194 1
176 200 2
177 64 2
177 75 2
177 78 1
177 79 1
177 148 1
177 159 1
177 166 8
177 172 43
177 177 2
177 190 1
177 196 1
177 199 2
178 133 11
178 147 5
178 148 2
178 174 4
178 176 5
178 179 1
178 186 8
178 187 2
178 200 5
179 132 12
179 147 6
179 148 2
179 172 1
179 175 4
179 177 1
179 178 8
179 181 2
179 185 6
179 188 3
179 191 1
179 199 5
180 27 1
180 80 2
180 130 1
180 131 1
180 134 1
180 155 1
180 159 1
180 172 2
180 175 1
181 65 1
181 126 8
181 129 3
181 169 4
181 174 4
181 175 1
181 180 3
181 185 3
182 132 4
182 133 4
183 125 1
185 67 1
185 99 2
185 135 1
185 147 9
185 148 14
185 149 2
185 150 1
185 151 1
185 152 1
185 174 3
185 175 1
185 179 1
185 186 1
185 187 2
185 188 17
185 189 3
185 193 14
185 197 14
186 2 1
186 6 1
186 28 1
186 29 2
186 98 2
186 99 3
186 122 1
186 147 5
186 148 3
186 150 3
186 152 1
186 175 1
186 178 1
186 185 4
186 187 5
186 190 3
186 194 14
186 198 14
187 28 2
187 29 6
187 30 6
187 59 1
187 66 1
187 109 1
187 123 1
187 147 19
187 148 31
187 173 3
187 178 6
187 186 22
187 188 2
187 195 30
187 198 1
187 200 30
188 30 6
188 65 1
188 129 1
188 147 24
188 148 16
188 149 1
188 152 1
188 159 1
188 170 9
188 172 3
188 179 1
188 185 14
188 187 1
188 196 30
188 199 30
188 248 1
189 29 1
189 33 18
189 87 2
189 97 1
189 135 9
189 170 4
189 185 7
189 191 2
189 197 19
189 199 3
190 28 5
190 32 18
190 134 8
190 158 1
190 170 25
190 178 1
190 186 4
190 189 3
190 198 20
190 200 1
191 30 5
191 85 1
191 110 1
191 113 1
191 114 1
191 132 16
191 140 1
191 157 1
191 171 20
191 177 1
191 189 2
191 199 1
192 23 2
192 31 5
192 66 8
192 109 2
192 112 2
192 127 3
192 133 12
192 148 1
192 171 8
192 174 2
192 175 3
192 190 2
192 200 1
193 197 2
194 186 10
194 198 2
195 29 1
195 114 1
195 190 1
195 200 5
196 143 1
196 155 1
196 199 5
197 29 4
197 33 4
197 111 1
197 174 4
197 185 17
197 189 18
197 193 4
198 32 4
198 36 1
198 63 1
198 82 1
198 158 1
198 186 17
198 190 17
198 194 4
199 30 10
199 47 1
199 59 1
199 188 10
199 191 2
199 196 2
200 31 10
200 174 1
200 195 2
201 43 2
201 211 1
201 218 13
201 230 12
201 259 13
201 260 4
202 203 1
202 211 1
202 219 1
202 230 7
202 260 17
202 261 11
203 204 2
203 213 2
203 221 2
203 231 3
203 261 43
203 262 13
204 212 2
204 231 4
204 262 11
204 263 21
205 204 1
205 214 1
205 232 12
205 263 1
205 264 22
206 205 1
206 215 1
206 232 7
206 262 3
206 263 3
206 264 13
206 265 13
207 206 1
207 216 1
207 233 3
207 265 10
207 266 12
207 267 10
208 207 1
208 217 1
208 233 4
208 234 4
208 266 5
208 267 5
208 268 7
208 269 5
208 270 5
208 271 5
209 44 1
209 208 1
209 217 2
209 228 1
209 235 4
209 246 1
209 247 1
209 267 5
209 268 5
209 269 11
209 270 11
209 271 4
210 119 1
210 209 1
210 235 3
210 269 10
210 270 12
210 271 3
211 43 1
211 155 1
211 201 16
211 202 2
211 218 28
211 219 4
211 230 31
211 259 18
211 260 24
211 261 2
212 202 3
212 203 12
212 204 1
212 220 3
212 221 2
212 230 3
212 231 16
212 261 33
212 262 15
213 204 4
213 205 1
213 221 2
213 222 1
213 231 3
213 232 14
213 234 14
213 262 9
213 263 24
213 264 4
214 205 3
214 223 2
214 232 9
214 233 2
214 234 9
214 235 2
214 264 14
215 206 3
215 207 12
215 208 1
215 224 3
215 225 2
215 262 3
215 263 3
215 264 13
215 265 13
216 208 4
216 209 1
216 225 2
216 226 1
216 265 10
216 266 12
216 267 10
217 209 3
217 227 2
217 228 2
217 235 1
217 266 5
217 267 5
217 268 7
217 269 5
217 270 5
217 271 1
218 201 8
218 211 3
218 218 3
218 230 2
218 259 20
219 155 2
219 211 1
219 230 3
219 260 21
220 203 1
220 230 2
220 261 23
221 203 2
221 212 2
221 230 2
221 231 4
221 262 21
222 45 1
222 204 1
222 222 3
222 232 1
222 263 12
223 205 1
223 214 1
223 232 4
223 264 20
224 265 20
225 266 20
226 267 20
227 268 10
227 269 10
228 217 1
228 235 2
228 270 20
228 271 3
229 235 2
229 270 10
229 271 2
230 202 3
230 260 1
231 203 2
231 261 1
231 262 1
232 205 1
235 217 1
235 271 3
236 202 1
236 230 12
236 259 3
237 158 1
237 230 20
237 236 2
237 238 2
237 248 1
237 249 1
237 259 1
237 260 27
238 230 18
238 231 10
238 239 2
238 249 1
238 250 3
238 260 3
238 261 11
239 142 1
239 152 1
239 159 1
239 231 17
239 250 8
239 251 1
239 262 8
240 231 6
240 232 17
240 241 2
240 251 1
240 263 9
241 159 1
241 218 13
241 219 1
241 232 21
241 240 2
241 251 1
241 252 7
241 263 3
241 264 6
242 218 1
242 219 10
242 220 3
242 232 3
242 233 17
242 253 1
242 264 2
242 265 13
243 219 1
243 220 4
243 221 11
243 222 3
243 233 9
243 234 9
243 253 1
243 265 2
243 266 3
243 267 3
244 223 5
244 224 3
244 233 6
244 234 6
244 235 6
244 254 1
244 255 1
244 267 2
244 268 3
244 269 3
245 223 3
245 224 6
245 227 1
245 234 9
245 235 9
245 255 1
245 256 1
245 268 2
245 269 3
245 270 3
246 119 1
246 224 2
246 225 10
246 226 1
246 235 19
246 257 6
246 269 5
246 270 3
247 56 1
247 116 2
247 158 3
247 160 3
247 161 4
247 208 9
247 209 17
247 217 10
247 225 2
247 226 8
247 227 6
247 228 6
247 235 2
247 246 4
247 258 4
247 270 7
247 271 12
248 103 5
248 129 2
248 132 18
248 133 5
248 149 10
248 153 10
248 182 1
248 191 3
248 230 1
248 236 7
248 237 2
248 238 2
248 239 2
248 249 1
248 259 4
248 260 2
249 151 1
249 230 30
249 231 1
249 237 5
249 238 11
249 260 14
249 261 4
250 231 36
250 239 10
250 240 1
250 261 4
250 262 6
251 120 1
251 231 7
251 232 13
251 239 1
251 240 1
251 252 1
251 262 1
251 263 3
252 232 34
252 241 2
252 264 10
253 44 1
253 119 1
253 233 32
253 242 3
253 243 2
253 254 1
253 264 1
253 265 22
254 233 11
254 234 29
254 244 1
254 245 1
254 266 5
254 267 6
255 234 10
255 235 19
255 246 2
255 267 5
255 268 6
256 234 10
256 235 19
256 246 2
256 268 5
256 269 6
257 141 1
257 235 19
257 246 3
257 269 7
257 270 6
258 145 1
258 146 1
258 161 1
258 235 19
258 247 5
258 270 2
258 271 22
259 230 2
259 236 8
259 248 5
260 151 1
260 218 1
260 230 1
260 237 12
260 249 4
261 230 6
261 238 4
261 249 2
261 250 1
262 239 1
262 250 2
263 159 1
263 232 1
263 240 2
263 241 1
263 248 1
263 251 2
264 119 1
264 158 1
264 232 6
264 241 3
264 252 1
265 233 1
265 242 2
265 253 2
265 254 1
266 141 1
266 233 5
266 243 2
266 244 1
266 254 2
267 244 3
267 255 2
268 245 2
268 256 1
269 141 1
269 159 2
269 235 2
269 246 2
269 257 1
270 235 2
270 246 3
270 247 13
270 258 1
271 145 1
271 159 2
271 161 1
271 235 3
271 247 11
271 270 1
271 271 2
